1507078461
1500579861
2114637923
2395403757
2279680347
1534255772
2226442442
1500595457
1500586616
2252925189
1691081592
2283556554
2197185307
2232059985
1826166606
2243365776
1500574696
1727893798
1500584907
1904457536
2190226642
1500598702
1500576122
1843542148
2197979600
1500574717
1500576076
2187738735
1500596866
1500576650
1505001125
2040873894
1500588447
1668267236
2240455685
1500584427
1500600355
1801588338
1500572000
1500580806
2113271725
1775430621
2339682220
2209030726
1776542235
1500585644
1661333473
2088921458
1742950685
1500576478
1600638712
1500595448
1642087943
2086356205
1696882369
1940861681
1517475100
1897748333
1548349146
1565123203
1508883396
1566658744
1885756834
1996148214
1865955758
1500571901
1500573740
1862326044
1552544902
1590494285
1679957373
1914690205
2030784404
1500591162
1984600747
1500586125
1500593960
1500590925
1500579953
1639429105
1500585607
1500583958
1500581329
1943329093
1514216561
1500573204
1762104959
1500573441
2206211874
1500580898
1500592114
1500587894
1500577013
1576132627
1802182501
1883452649
1500584628
1820232043
1500574572
1957054022
1500592907
1500600608
1500587920
1500594752
1767361495
1504812610
1863452222
1933203068
1500577420
2199042735
2113110254
1500592525
1720806475
1749852739
2251213192
1955926563
1500578791
1500592170
2306387439
1500575523
1956770999
1500593256
2318755283
1557876145
2427140311
1800999753
1500578081
1704424233
1500592689
1500591812
1927164960
1714210605
1500585754
1662622626
2200449904
1500592903
1500590831
2386830937
2216035641
1500581036
2378599135
1582790607
1740262434
2389173910
2403042717
2181125068
2074011421
1500598034
1500592191
1500580505
1500571375
2139234347
2153096072
1670675797
1500586100
1871535366
2024289706
2261516517
1886277123
2164130097
1500597724
2222395517
1523818862
1557645103
1500592583
1597259850
1973839100
2165194775
1500591553
2324400382
1500574384
1837685483
1500587291
1500581137
1601393885
2106121145
2080462011
1891848413
2037519816
1856771737
1500600563
1500600196
2376819393
2293922892
1997905999
1523687813
1908141613
2338785750
1824699517
2322527282
1639702219
1500600156
1683288883
1537744587
1855575152
1500576806
1500575610
1786865979
1500588838
2209134701
1500589257
1500571434
1500597555
1500589726
1641744955
1704522266
2412919507
1689373766
1795658967
1540036898
2349119660
2388621315
1539032718
1500593051
1500584025
1500585813
1695189111
1527066829
2236125436
2346373642
1693656804
1857311535
1952006488
1500590579
1866694612
2146306101
1833731554
1648654694
1500598020
1862709912
1709501227
1859372902
1500584810
1500589338
1500571238
2301043930
2056729011
1500588162
2283498871
1520659790
1500579340
2299454793
2226210672
1500593543
2202181408
1767265572
2056157884
2082223150
1500595183
1563759058
1500591240
1754185591
2359595429
2323021137
1765390764
1500580511
1753227278
1500586809
1757377108
1881552723
1500575315
1519588013
1569544102
2351240693
2199196290
2056773807
1500572968
1500585501
2046339619
1908685654
2419365390
1835006691
1500595351
1900815061
1500581344
1500583243
1500600778
1634440984
1500582491
1853236468
1852753908
1500572451
1500574417
1592931714
1500593924
1500596492
1500592906
2097926647
1500596137
1830419434
2273137903
2222395517
1951087750
1500599009
1500590519
1500571743
1586319834
2417078501
1500598677
2083140733
1500590100
1654612087
1551849114
1534640703
1990000306
2155423712
2366053037
2473401780
2179552607
1515074410
1500587717
1557104500
2458500490
2459430812
2151401952
2143153690
2223343128
1500576154
1842272911
1500579112
2388958080
2209786862
2274146752
1724749561
2271210434
2417019452
2198885140
1500571599
1747461755
2057432747
2098082118
1500580784
1769642489
2016733028
2213184657
1500577655
2273387616
1500595518
1500588848
2468631791
2463267909
1764956665
1500587848
1500579228
1500581902
1500581164
1607825954
1538401695
2212785902
1889749213
1500591446
2080271750
2128320709
1701931858
1755335242
1943408713
1896917934
2342719627
1729742161
1500584167
1500593174
2027852745
2465416888
1778111327
1615831388
1500578971
1500599530
1645878233
1875219762
1500598464
1570774961
1500579870
1930985992
1759362916
1621826769
2363348140
1500577564
1500599782
1960180943
1500586267
1500575186
1906632888
2411379976
1677423665
1500583449
1783966586
1500593899
1785234536
1746644568
1500577652
1500579717
2274367492
2287155195
1500575981
2083445753
1650114946
1500583977
2379262237
1500588458
1500576693
1500599909
1500593447
1500588293
2038073809
1500597859
1995498657
2234848123
2143815707
1558748790
1500600200
1500574183
1500599676
1500575341
1500575380
1500588939
1640772002
1813674174
1850949139
2207370967
2072522530
2036595193
1629903939
1500600115
1500583631
1863044738
1500575485
1909844476
1628710114
1500571641
1699584760
1500573001
1500586756
1500581499
1825843258
1765342135
1500590855
1500581185
1500574589
1500589497
1694094725
2166389459
1500576669
1500573542
1500594224
1716519917
1500597302
2366277487
1500585705
1500575382
1539765603
1902301480
2157900674
1724507032
1787514379
2221393481
1576200967
1745252307
1819876886
1579254532
1627596326
2086071017
2219097556
1500589672
1828050826
1500582553
1552824842
2180956992
1500594266
1500596849
2190103235
1500575635
2127004232
1500589904
2064235986
2179621617
1500600001
1500572806
1696508710
2042929956
1500575091
1690260541
1555330892
2160489524
1509558288
1500600642
2236475881
1674045110
1535648258
1500592138
1932621383
1500587608
1500592508
1500591313
2000565973
2088337618
1500595233
1879484886
1906586557
1500585943
2130036401
2253571224
1500575022
1950359998
1500578690
2401352003
1500592820
1827040015
1500584542
2353230708
1597195155
1500579935
1743240669
1945122945
1911135756
2194682706
2126037184
1500596118
2214270474
1819397345
1500579737
1923861830
1500586412
1819305972
1759659906
1574919856
1760549583
1668459355
1686980401
1500575087
1500597408
2318191453
2053419946
1500572438
2011327097
1500589685
2333800127
1737264051
1500575346
1561377304
1500578696
2028764876
1500584458
2033335369
2303462903
1500600432
1500579674
2050175228
2120753485
1500586269
1500577800
1681846594
1500588717
1556219101
1568264443
1839985645
1993897964
1669918009
1500583711
1500583989
1696197465
1616656348
1676605037
1993781122
1500595626
2007205452
1545377742
2084457306
1500575740
1534856506
1723382375
1719178433
1576829567
2068193919
1500588209
1500574464
2074190688
1737557673
1521746190
1513005983
1500595613
2202489145
1500594947
1500587798
1500589797
1890654227
1500571492
1903055169
1790196570
2166116743
1569408196
2106419424
1500573893
1500598758
2397570491
1500596894
2244714226
2368055112
2120679929
1500597909
2141521725
1500598635
1500597120
1913747459
1830396649
1500585499
1500590640
1876785670
1500599292
1703138936
2329547864
2424361113
1647994680
1500587079
1796353369
2353379873
1626969929
2125355126
1500598066
2275104581
1668818104
1669913666
1829102699
2390104385
1611503253
1760915591
1500596086
2258719835
1500596827
2457769854
1500577037
1500586754
1500574629
1600697204
1816064926
2028251981
1558749852
1650305473
1500574934
1500586194
1678080781
1500580503
2000515700
1991703830
1597080888
1500576190
1667618745
2225778546
1695209865
1500595490
1670914124
1500586350
2404828443
1919047902
2326932629
1946706426
2315970817
1500572225
1500579713
1529663279
1500591816
2319304894
1967907168
2230689506
2329156719
1500599021
2021940587
1870417869
2411618476
1856272500
1916640294
1544802727
1500576061
1500571155
2151862207
1500590400
1869552783
1500585153
2211822680
1500594435
1503228177
2255000484
1500597066
2207505614
1885534885
1500586825
1736812196
1500589237
1500593644
1500585731
1899868857
1990679210
2245505663
2266726231
2306896727
1796006871
1500570974
2309317500
2124198155
1500596738
1612357175
1692468940
1698013030
2105530996
1500576872
1500595069
1500589552
1731470690
2318922131
1500587975
1886583210
1621892617
1786403851
1500595732
1677471818
1607319352
2377230787
1500574507
2270805639
1868821482
1500594793
1500573409
1573762281
2210455377
2050851302
1930333887
1986878012
2257284354
1709501227
2113401014
1959967895
2229279199
1584858279
1911224224
2209206861
1598937506
1946616264
1500583602
1679474301
2036064387
2227687779
1500579126
1500594198
1500596878
2348040008
1500599182
1641559858
1782473059
1500588400
1529523251
1500598916
1585479078
1500595466
1500573895
2426659520
2019899709
1950971364
1500572077
1500573314
1589388066
1500584924
1980988042
1500590580
2472760949
1500596897
1500574769
1500588567
1749288627
2398536822
1561888430
2111276680
1500599887
1549280145
1885534885
2095405855
1500577947
1963242680
1551651504
1510386807
1500577345
2342011278
1500590812
1500598741
2364958655
1500592283
1500586969
2433734003
1730579579
2280859312
1659345878
1500599303
2002097882
1680307144
1500597625
1945670234
1637927380
1633899475
2253239344
2432527630
1846723995
1500597938
1845698575
1500584732
1500597490
1500578872
2295929839
2398591275
1500585966
1500577137
1993224824
2336256872
2162433360
1500600751
1556935942
1922465070
1500596853
2298359291
1500599635
1500586544
1500589680
1683713058
2198194860
2267240041
2392107483
2318843904
1500593518
2149554650
2258658906
1500575080
1500591641
1870034066
1500571879
1500574720
2296741794
1807772172
1619746032
2113190547
1920794268
1941314511
1608042038
2125080467
1500587990
1635826353
1950122857
1500597379
1711786456
1773795516
1579211068
1827653038
2290352449
1712377730
2357637808
2360143272
1500581730
2197270991
1628684991
1500579491
1500589927
1976185198
2431256454
1947066787
2423315267
1529033522
1500584665
2243892479
1888926610
1500596718
2327533505
2269610445
1781474513
2308173339
1554016235
1554236194
2349109932
1500599440
1545733926
1622977529
2326031661
1500591169
2120165756
1992970645
1500591345
1500600388
1500598835
1958780844
1500600070
2402997490
1500590665
1500578415
1759095946
2138687615
2034248020
2084945701
1933349923
1500584594
1658559305
1500599479
2436164115
2014502501
1765128623
1500599672
2079280486
2388459157
1787745466
1500582312
2341808979
2112157790
1500574785
2021735999
1500578735
2062106774
2104034808
1784368188
2036873685
1500584311
1766498568
1500585547
1500580072
1500598699
2432085953
1500596547
1543462078
1500582666
2034224982
1500577491
1611877460
1887728992
2292117240
1500595872
2071288748
2125905257
2415031577
1500595192
1500579133
1500588985
1825475279
2280336032
1500574839
2314718906
2322513550
1610277041
1820641731
1667630307
1500597419
2116872759
1786920634
2304195919
1500578734
1500574972
1500593231
2288962606
1567924915
2126106923
1686962243
1800701055
2203975405
1759175802
1500572354
2090173120
1692921368
1894248113
1884769821
1500590371
2232972559
1977256932
1776808823
1574935666
1500591544
1555885407
1500575740
2024204439
1880299347
1500588566
1821805952
2249947153
2155967476
2475869715
1716574733
1525693175
1745387296
2047113514
1791652814
1500576877
1870500396
1500574084
1500574567
1515217134
1500591943
1500591690
1837747628
2247348029
1884130475
1759025251
2413206929
2360199142
1500593687
2304030053
1768542581
1500583508
1500583372
1641071996
1500571433
2207677460
2171267861
1627366058
1500582207
2283780105
1500574159
1500571424
1734119870
1542797936
1500600483
2045735727
1500581433
1985627447
1500594676
2013879974
2416598506
1744770293
1500599676
1764584224
2247912679
1566030352
1500595969
2316072496
2452164417
1698454133
1500591861
1500595134
2293039593
2140557497
2005274221
1500589941
1950351125
1845662742
1602784310
1500575215
2365798415
1500589493
2071644519
1500590992
1500575276
2065166966
1500595700
1500583401
1552331782
1872178486
1500580776
1500587920
1805372939
1500582432
1500572798
2111505948
1982068851
1500598154
1500593895
1500595086
1500598111
1500577291
1584630922
1593903232
1500594475
1541606550
1500571094
1500592623
1700154179
2007312000
1538375094
2154300651
1500593923
1701214970
1500574144
1837391042
1500595383
1500584727
1555092887
1500572141
1565922664
1698708238
1500582640
1500577967
1903251923
1500576501
2060451065
2295017747
1500596591
1500574473
1500579021
1980620814
1500586751
1611706230
1831992788
1500594433
1720056075
1500576165
1745500072
1723666306
1633392277
1500574113
1500584162
1500579581
1500576674
1737403028
2328373823
1646911073
1830617803
1500573897
1834032187
1599742634
1945900792
2004157965
1500571131
1834511550
1798489938
1613041461
2011442430
2121365561
1500584651
1500572015
1500581277
1500589661
1800701055
1500597362
1500583581
1500580432
1500588930
2118684609
1972135188
1500576122
2193957389
1807785301
1500588479
1500585069
1653652761
1500588483
1500577573
1500583019
1500574489
2087405838
1795401762
1594287806
1500573899
1500574340
1500576870
1500579988
2218026166
1681032939
1591335243
2368328831
1623800202
1883754971
1891584654
1580626878
1500571531
2315645233
1500590965
1589709113
1500596599
1863639365
1500595846
1921357944
2352559626
1500587092
2001310921
1625161824
2079066391
1682460401
1500597643
1500581120
1500584944
1982052283
1912407140
1717026436
1695719565
2172811076
1500588116
1533577923
1510445343
1500582760
2108794177
1500596073
1500590346
1500594709
2210652481
1770742181
1655306549
1500593883
1686576376
1650277388
1500593466
1500600786
1500589287
2222098772
1500587108
1500593048
1500591000
1500591831
1500596684
2238592714
2095327259
1500599848
1500579587
1634103881
1895355260
2156677661
1500574068
1500595097
1555358208
1500584730
1762081720
1599922746
1500580079
1500597171
1708808420
1500592800
1500593504
1500592258
2139075371
1500582743
1500593461
1855823841
1515284468
1500582921
1512952260
1500595362
1823393074
1733334312
1500587727
2265403508
1500594565
2377230787
2334282024
1500593889
2353802502
1768138052
1500576562
1518614086
1500594774
1500596411
2150897246
1500578696
1866909558
2283136871
2002221752
2123170521
1989476449
1591164289
1500576838
1500588257
1500574695
1500588632
1533354055
1500574329
1895864389
2040616561
2283859303
1580781962
1500580792
1517823805
1500573273
1570798132
1699696446
1738154891
2073586069
1527010454
1500579676
2022549906
1500592541
1553688462
2160854279
1872494771
1502953232
1717332065
2068655832
1500598873
2035567669
1500578378
1685548991
2130978149
1763595317
2012859338
2055653473
1558026281
1771295921
2100318735
1761978027
1500578450
1500586091
2275391816
2304934655
1586922585
1727809496
1515028119
1500587612
1500584102
2193072953
1773462436
1826857362
1742505351
1500591250
1554999288
1500595259
2234474660
1500593435
1610155873
1868917576
1613473299
2445954399
1500593611
1500599994
1907564413
1500597913
2071860493
2094895975
2139420137
2049008975
1500595735
1500600276
2373471029
1500593015
1685640334
1500576341
1752559905
1568959724
2353929270
2107024316
2234487515
2165668639
1500582859
2273356246
1897901431
2281391309
1705148545
1780185338
2071538123
1500580211
2129482036
1500572087
2275803745
1924001639
1500576481
2264551164
1500587340
1825397038
1828550473
1609473560
1500581218
1500594129
2310727785
1500599847
1500598582
1500594850
2042680424
1500592161
1500588372
2087960884
1845214584
1500574901
1568643483
2303716207
1500594430
1500585705
2059146997
1650514671
1500596501
1500572822
1500596853
2118056635
2162501947
2201386061
1500581154
1500585266
1500596331
1500581980
1500576605
2297472857
2145894746
1500575108
1500589395
1500572833
2055925216
2300780404
1637308336
2069899679
2026380732
1500598453
2326879193
1932432550
1678080781
2272045391
1714928142
1816857086
1500573016
1500588594
1500589461
2277558647
2271965448
1948226755
1957172444
2088466535
1500590870
1790379033
1500577824
1500576348
1906901375
2164243779
1670589411
2050427452
1500586544
2067143215
1500586744
1500598894
1500583404
2364049792
2030385531
1763312478
1966056215
1500571077
1500573591
1740131012
1918353094
1500596032
1500581098
1500598694
1500589652
1500592472
1919093658
2234524125
1500572206
2201111672
1500585701
1500573104
2135727950
1500594062
1982407973
1547824092
1876038790
1599887466
2301561753
2104499625
1640446435
1783124901
1524724940
1500592602
2212575183
1760535282
1500585010
1500575089
1500588047
2427979752
1500583391
1500594161
2266397834
1742950685
1644727416
1500593990
1500579040
1718723191
2089257432
1782444734
1779855286
1500583135
1500589963
2160518823
1500580831
1500599850
1911460727
1671386760
1500573847
1500574690
1738353219
2175222958
2310642355
2099519699
1500598357
1500580326
1500574037
1500571354
1500588532
1500595282
1503704307
1500591651
1500572153
1676840338
1993161544
1500585482
2177964357
1827427271
1500581169
1521664432
2259791728
2276124775
1500578936
2173474849
1500593435
2108921509
1500582625
1634076104
1779194961
1741835190
2199476925
2116987858
1601746261
1933059784
2198811909
1500594184
2297701963
2373002669
1500584870
1500579735
1500583670
1877890751
1776910797
1500596687
1500574400
1500592845
1500579529
1987915878
2296407996
1584582860
1946334930
2061362255
1966052599
1809183166
1758359483
1500593984
1974277816
2097951759
2274417535
1711882393
2064552875
2274024460
2021723547
1767361495
1500574175
1760838734
1500574156
1835039488
1500575694
2130706903
1500597799
2145136566
1961675119
1665254815
1500592737
1509623782
2179657357
2298876058
1500586679
1834932013
1500585196
1500599878
1500588569
1522815974
2250640020
1785822163
2052195953
1500582057
1500579588
1586679688
1500580667
1784548452
1500573189
1774480408
1500586295
1500579213
1947756183
2090179513
1500597678
1500575654
2130694658
1500576904
1500591642
1500579325
1723826974
1500597342
1993100836
1500578829
1500593513
1950097508
1615029654
2293751434
1500572971
2087295751
1500600313
1500579755
1820066143
1500574583
2095881870
1500590751
1500587766
1926728700
1500598024
1500595623
1500577740
2260439302
1500600594
1500573096
2206587261
1500586315
1614659024
1818193371
1653958044
2203875766
1500591383
1500587178
1500590134
1780069396
2162200911
1500597001
1500583816
1665992921
1716336768
1500593843
1500600119
2006391301
1645261404
1500595061
1631403546
2112291983
1584142751
1661822692
1820479869
1500587692
1972048984
1955833737
1500577341
1500575418
1982948113
2144612419
1870313402
2238592714
1933137055
1846176812
1865544115
1500587668
2353347695
1500596765
1500584168
1500600681
1500595282
2167262985
1753262453
2344262755
1511523908
1662525674
1500596494
1500595846
2134904775
1742228418
1500590434
1715288173
1500575623
1939470176
2060706966
1500600031
1527460761
1500573645
1940783696
1500580762
1809938953
1500588160
1741025264
1675262485
2095859794
1500591693
1772223740
1911192457
1500585585
2163958810
1986643929
2036036734
2007845699
1500593360
1883727508
1500580133
1817887888
1858275307
1500571919
2021876391
1614400262
1500592444
1500587217
1783196653
1858207304
2189200282
2033701019
1500600197
1500594090
1500575819
1500573975
1500582614
1948318598
1544173103
1500593963
2076464194
1500594076
1670116627
1665992921
1768668979
2132663589
1517013654
1717816686
1500597008
2039919242
2313209071
1500574151
1500589368
1500589998
2015612865
2010466968
1500572063
1500584363
1500573255
2220577401
1808406814
1881269977
1839098337
1899569030
1965983001
2471590407
1500585027
1500590736
1500588774
1688557608
1500584071
1500593243
2138155568
2123575407
1893640146
1500574323
1912657595
2167529553
1534449143
1814652705
2088966155
1928654307
2354065892
1500585624
1500583737
1500587848
1873385778
1500583786
1667399915
1737576638
2358009925
2056888067
1500585189
2480135925
1500583581
1706369719
1500593778
1584945385
1500579465
2162491110
1500579923
1500585505
2138816203
2264658612
1500595208
1500587610
2371672553
2439131660
2408172986
2037942089
1500578111
2236744080
2421119415
1607795765
1500585405
2217411527
1500586726
1944559165
1500582447
2145954497
1500593797
1500588772
1500585168
1570828935
1500597822
1500599262
1500582243
1500580738
2396601440
1500581337
1506973391
2292930557
1623579497
1877112608
2304252458
1803564066
2104056184
1615683072
1500572457
1500580638
2078446946
2058843092
2403179565
1500595217
1500575346
1500573064
1500575604
1624239738
1500577051
2016517730
1500579656
2270420733
1598751929
1500595217
1500581719
1919550219
1500595233
1891746408
1500592313
1500597583
1500580923
1952933039
1849687239
2092767187
2365626875
2151853720
1500599870
1706251531
1902136670
1602624777
1987001739
1500585398
1971521768
1910897845
1500584131
2324560585
1500573367
1581035959
2341254470
1898236584
1500578469
1988926820
1500584418
2187480374
1500578896
2190746739
2334421146
1755836212
2254779890
1574603374
1920566052
1500583781
2018657935
2267650722
1500571116
1549670447
2243890150
2141920896
1500586130
2105123741
2255870184
1500592606
1500600660
1500596598
1500589757
1984235173
2022325148
1774980897
1628814314
1938399606
1615855211
1500590312
2232037103
2300033961
1500580521
1500583866
1500580880
1500583396
1641755297
2014852240
2286856463
2255390289
2344627485
2088547744
1500580313
1628908140
1993515528
1500594557
1500574263
1639186303
2381937548
1891478392
1500576185
1500599798
2260450107
1500584319
2035627218
1582586439
2276064698
2330043358
2153887282
1500575745
2076719163
1500595832
1500592517
1500583504
1603700725
1553275130
1895898072
1913146170
2291448936
2213140828
1500585867
2158529827
1500578880
1754970385
1545057923
1500576443
1500584751
2006342841
1500573354
2288795398
1500574889
2371055517
1658952558
1500599870
2161561611
2055571805
2408743603
1763531701
1917709864
2314006120
1939619788
1500587133
1637498068
2270514882
2118807902
1510364367
1500594879
1500592184
2359728817
1500576856
1500573860
2359424728
1587591115
2176533211
1500590106
2357993000
2017032164
1500576908
2136181328
1500581479
2281782056
2168767991
1572568941
1768462562
2129982658
2149366337
1500600767
1500597853
1723698548
1500579048
1809525092
2280336032
2123957111
1500575923
1916053675
1500598422
1500575479
2333454137
1500586885
1500597491
2099918994
1500577757
2098586582
1500578411
1500584115
2374712846
2007890839
1500571941
2308292384
2114331991
2169813231
1500600609
1500583560
2389819625
1694790724
1500574842
2440117408
1500584892
2051729865
1500591223
1802746662
1823597243
1579713441
2127996490
2242170999
1519840239
2459481811
2470562630
1999408766
1512021877
1500597618
2293496103
2279607688
1500587619
1988447932
1500583758
1500572865
1766521793
1780652310
1737487322
1500596899
1588267066
1727704630
1500574874
1701679640
1687538027
1500591384
2297722664
1517392374
1667804589
1556699205
1725244211
2293560330
2024673901
1500597715
1615220692
1981899555
1719572019
1663047029
1500575186
1719994703
1500572992
2392944287
1500595199
1574315768
1500588979
2212785902
2205459712
1737247716
1653623621
2022017572
1753400868
2378008032
1500596576
1858666120
1500587547
1500572332
1500592880
2091367009
1625618794
1522570104
1500591642
1707191902
1500596360
2196381198
1794955031
1569920054
2339904887
2375310943
1628203219
1500599897
2038885067
1664129663
2209631591
2246271654
2062394078
1787861118
1500599103
1500583342
1516121650
1911262440
1500599313
1500589697
1732370012
1500588021
1862709912
1500599478
1500585275
1522570104
2231007618
1955175503
1674004664
1502117362
1500589662
1500593481
1875383320
1887395110
2339743161
1735441797
1500590158
1500588523
1500571677
2367489238
1634732722
1500600333
1500586126
2197752171
1777629621
1500592702
1804363061
2187102872
1531263948
1675585943
1500589534
1500599312
2267513925
1500580809
1860751037
1500595099
2148575802
1678415130
1500599136
2071367647
1831128302
2011362290
1500591313
1787445451
1612234345
1966505962
1945366432
1500594139
1500586846
1500574832
1500576309
2436515222
1753351277
1764013731
1500582652
1500574627
1649278551
1731462963
1500587741
1839711406
1500584063
1500582589
1689425055
1864258374
1527443750
2243484291
1855987344
1500590825
2106038419
1500592328
1500588161
1500595380
1500585615
1936550545
1754812912
1500588644
1500594403
2304252458
1537961601
1500574046
1500598150
2367040877
2113611418
1500583821
1502420433
2225043621
1612715669
2207273874
2110764081
2179468323
2380240283
1510785186
2324704186
2264193254
2331805429
1500586691
2125592397
2121325235
1943520933
2183083618
1867919007
1500580684
2023026805
1954490796
1500578968
1500579055
1666109173
2390709262
1995525926
2124565383
1500580074
1566816545
1802580028
1535220054
1500589574
2163247876
1500591108
1682477012
1500593257
1500585832
1685683195
1726992496
2178281821
1500573591
1500590833
1500572005
1500573785
1500591744
1518525472
2182287296
1971282434
1962896983
2106307083
1839593179
1655320935
2094719431
1500584385
1670656532
1957047716
1500581499
1546896551
1568773461
2239485580
1898552736
1500588715
1500595881
1500580902
1702685735
1781473789
1853874968
1630930255
1500573195
2020840457
1848923982
1589333348
2110216476
2419094996
1500578670
1500581481
2432220955
2352391740
1740081360
1824133523
2241258827
1745368589
1500571842
1626998325
1608200922
1556789011
2444227271
2314658503
2376373582
1620567978
2306046473
2008040458
1500583476
1703975079
2225559051
1620847547
1709427535
1665130519
1500574121
1500573818
1852167229
1500580145
1500573267
1771829898
1500598433
1500573386
2066686577
1500598054
2143038744
1500585599
2250220384
1500578263
1500582425
2185673253
1500584115
2228336482
2189503109
1553906094
1500590976
1500599860
1903967287
1500581113
1500590520
1898426896
1583987349
1500580915
2169028584
1905966272
1500597939
1500587479
1500573368
2217012858
1684629162
1500588960
2435079251
1500596924
1500575384
2249035274
1500594348
2417159075
1898857165
2305468254
2300215317
1764608849
2268826963
1681589040
2119106320
1581919913
1698140611
1500599105
2196492498
1900441038
1651251273
1891138771
1500597144
1500597302
1500576660
1500597429
1500578824
1500584749
1828647675
1500595905
1593009465
1500577339
1561613508
2047260114
2068230683
1586922585
1500584063
1500581156
1500584763
1500580205
1563017173
1500589560
1986673084
2350491095
1500587337
1500598556
2048314887
1500593924
1709522677
1500579035
1500595110
1540103241
1641472474
1500577873
1500579383
1814001963
2041301275
2409885639
2216662125
1927390753
2367355207
2145493199
1508691996
1792979880
1500584796
1738975578
1500572507
2059187847
1535201858
1500579766
1500584502
1500590023
2349057589
1500584393
1500579556
1581242593
1776910602
1500582783
1945391726
1500586907
1500597536
1500573691
1545949569
1500573678
1500580845
2303732373
2397783391
1551250868
1500585130
1500570940
2409910961
1942358209
2078807387
1500588849
1500579996
2237849116
1500579268
2057997380
1860694720
2119392778
2426592076
1500599166
2055954562
1826638283
2362745807
1500591119
2147925310
1500573106
2370066620
2254173095
1500595413
2354892287
1500599474
2033926106
2323141405
1500573270
2323514279
1500585443
2250402857
1500587807
1619409103
1500581869
2095011857
1500572669
1500590330
1500594658
1785137735
1833156235
1500574023
1500593990
2439758746
2171357708
2297127551
2057877805
2201876639
2291498773
2387077820
2183602613
1815927760
1500586985
1500573807
1775747866
1500599513
2045575796
1500592654
1500573961
1607438091
1598528910
1500592983
1568631357
1500574214
1819327265
2024245764
1500578992
2426625631
1887412122
1804931083
2306744174
2257173200
2195906414
2414682029
1500577638
2327175194
2107403930
1500599574
2285237148
1500591284
1915875627
2235397215
1500579027
1898458143
1539032718
1986199016
2333972771
1850172164
2021982504
2309607797
1500575286
1500572894
2396483202
2427649939
2331630708
1500583609
2385174690
1889237712
1500593434
2419785212
1603888239
1562750149
1585599123
1654412021
1822345834
1500584901
1549027239
1733274064
1897344745
2113190547
1500595313
2163000475
2419020902
2475242815
1500598877
1500598276
1500575765
1654053928
2099315776
1500578346
1500578533
1500577070
1500582867
1500574464
1500585520
1500579299
1500579431
1500583541
1647357217
1500576214
1994343272
2141181510
2438206483
2402514894
1500580346
1826785432
1500573324
2310555669
1500598871
1500581083
1500597272
1500587820
1500572266
1517748291
2131799483
1675934859
1500600777
1500584471
1500575840
1500587778
2190252229
2267919334
1500571358
1500584106
2111661586
1758652740
1500576241
1856139917
1714730367
2238868773
2085401497
1591681856
1592033252
1877482284
1500595841
1729902032
1500600690
1500594834
1842793303
1736165738
1904940429
1500581854
2065316631
1500599199
2336340604
1736783072
1721928978
1500573764
2032318143
1500581941
2108360774
1500590890
1586024454
2246562874
1599967316
1890173518
1571191498
2423703527
1661256596
1500584963
1905743931
2247593622
2012185855
2022208221
2150051582
1770648249
2246398912
1827812822
2028693960
2037108996
2081611062
1500594468
1619861609
2107433364
1500586121
1500592201
1500591848
1575374886
1500593854
1814652705
1502066387
2138387478
1500581704
1969740005
2306231696
1500583135
2209494043
1500583708
1500582026
1741399735
2421366014
1554898752
1500587735
2381526485
1541458480
1500597525
2426755761
2184579448
1500599533
1500589020
1764206286
1575709852
1500585906
1500571829
1737537341
1500575207
2401736750
1500590912
1500590546
2334701860
1500597515
1637146743
1500580841
2190762173
1757899309
1500572143
1953657720
1527066829
1500587397
1829052098
2351479190
1909946132
1500578435
2055990533
2050489031
2082268466
1733074017
1791169954
1500592466
1728350666
1500577024
1621367658
1500599731
2335537342
1500573728
1500596847
1513421959
2084051823
1752492740
2310296348
1500591848
1919653873
1558933261
1703243747
2288710225
1500572153
2124262991
2086040912
1500585355
1500599312
2401960568
2240125001
1500595054
2123818612
1823308642
1500582898
1500580890
2451416656
1500583162
1772242988
1500582705
2222153296
1500589073
2193860983
2257453699
1533577923
1634268523
1826948280
1569537917
2336675156
1500582526
1692634368
1601939619
2159601489
1889082364
2074750551
2118413361
1908814771
1959297462
1523901756
1500574953
2388093673
1500571568
1758418401
1500589497
1562194990
1500587297
1723588927
1923997015
2028573627
1500597631
1670753218
2195095010
1500596727
2190780960
2281979276
1678664878
2037464991
1500600285
1500588009
1500585413
1811420795
1770991719
1500586468
1500580923
1500575468
1514493646
1500589113
1712594342
1500577349
2262910576
1720128439
2134279451
1942985282
1500593705
2188168327
2020738161
1693269133
2258507422
1987841747
1700841849
1516337306
2424136320
1500600084
1500581063
1500584609
2160718420
1500598405
2321495875
1830098055
1500579156
2356785325
2125455380
2295526571
1970998405
1754569177
1795998954
1500572402
1581218824
1500590808
2018202998
2381226093
1821044655
1844956752
1695325074
1500576066
2127286248
1736237207
1932386095
2116278173
1500596294
2327688842
1500575798
1500599374
1688745700
2268219945
1708869071
1500591950
1500598369
1500584931
1664183711
1500586500
1797600623
2333526157
1529437649
1500587178
1500590511
1500591057
1500591278
1500585597
1500582231
2390513078
1500583294
2103719869
1500577109
1519467250
1500586133
1526103546
2082107710
1531221201
1837552445
2227024888
1553683981
1500585527
1500578092
1784078310
1993213881
1500575183
2267855229
1728166680
1500573613
1882240051
1500583351
2016162904
2393862593
1694471000
1500577739
1980665997
1500576319
1839622777
1500592690
1731328759
1500588097
1500599538
1657295044
1644753866
1500592180
1845630100
1526991113
1500588167
1500592889
1633993810
2374861621
2146029798
1944632575
2403481098
1500596376
1990785997
2186006181
1726858992
2086429977
1553553120
2391544169
1752800462
1500586490
2126807087
2372324152
1676116637
1500588757
1818580022
1500598217
1500600570
2104818938
1500589560
2365896889
2263154107
1500581638
2269583682
1500573698
1500584523
2383060388
1950991704
1500589965
2045829717
2101139076
1500590065
1751350234
1705769751
2282804868
2285486370
2027131454
2437995816
1891138771
2059006914
1500590374
1500587158
1500583432
1500586534
1500585859
1500581093
1500591495
1771854980
1892538979
2276872001
2285001003
1806145527
1738898449
1667581851
1500584784
2442087056
1900334119
1548366471
1500599063
1500576854
1500579012
2128934128
1500597925
2219806656
1500579014
1500591232
1658506137
1500572507
1749630225
1500584759
2343069562
1606484279
2118290654
1500597385
2172708317
1500596592
1500587118
1500590044
2418880125
1500588344
1625693726
1710846485
2059895996
2265097321
1500585057
1500594239
1500586021
1609802206
2118290654
1768279021
1500574441
1877003506
1921147795
2381797665
1500576390
2093998224
1575666387
1500592477
1599826695
2007851415
1500595169
1500598677
1500600176
1500596594
2258795752
2165674140
2195853722
2018294067
1500572782
1500597936
2349528523
1752866456
1959343861
2347217947
1500600776
1500574589
1500587759
1760350783
1500571606
2263286535
1500587202
1500572220
1500577168
2041123877
1500579739
1500585569
1915366453
1769136515
2357168644
1500585418
1516453380
1511266120
2183719310
1802052170
1500599953
1500583343
1921458736
1908691907
2250817519
1525831132
1500593465
2167080225
2063681747
2279436396
2057451917
1953930099
1500585604
2422971805
1954527993
1537405411
2344273343
2064397686
1676900904
2094446390
1648767476
1500575417
2143153690
1500595615
1500591690
1500580065
2273983479
1500600732
2205050405
1500580613
2414942923
1738933726
1637386347
1500600684
1651953876
1500591226
2411358577
1872848607
1870067104
1500582190
1869091432
1831413341
1500573682
2401728771
1500583809
1619421399
1500571880
1547970177
1625920560
1500597984
1500584341
1875383320
2365725842
1500572005
2152747540
2084056177
1500595195
1500582893
1500599836
2004366804
2186144705
1500571627
1500580582
1500599342
1500596679
1500576378
1850676347
1839547280
1518716321
1500583124
1942246971
1554126356
2356165418
1883905029
1500597342
1500579556
2202674777
2393422715
2170812983
1593860683
1500573013
2103719869
1503276241
1524999827
2218845832
1500590691
2350778180
1500577130
1693566107
2174732324
1536009018
1500587961
1500578726
1701182134
2244226485
1500596442
1930450494
1500588974
1761841976
2016434657
2126966035
1506881536
1500597698
2270576815
1500590608
2392381674
1500581262
1761199353
1544173103
2103243485
1500572339
1500574501
1768284084
2308551086
1500592304
1579270193
1500583068
1930514379
1500595084
1500592274
1500600595
1500585142
1896217968
1500574927
2154079256
1596414358
2367764218
1654601002
1816623379
1500595546
1500589851
2314585552
2041961299
1500584914
2354307080
1500599008
1612608343
1500591011
2060682033
1770136375
1500571254
1590836007
2280530215
1500599442
2408172986
1500576332
2038063432
1500575212
1500584752
2364311015
1802386909
1840743764
1513187524
1500577570
1500574487
1500573982
1914878725
1500574255
2442240313
2317865346
1933067800
2416890936
1664996890
1500576656
1587702961
2108746850
1500571875
1771372718
1822165108
2286474240
1500590691
1654412021
1500600355
1500592707
1995322682
2202105435
1500584582
2147695088
1500591472
1500587613
1647538810
1500579411
1995322682
1629594931
1500581215
1500592023
1922618794
1824893036
1676038801
2105107561
1874468039
1552344413
2020363246
2220690432
1863627096
1826240338
1933210431
1638668265
2364798901
1500599285
1500574396
1940852672
1506063789
2008472296
1525928096
1500574077
1985627447
1500579854
2152265029
1675152751
2031742967
1903987992
1500575703
1500581958
1798489938
2254765773
1500589050
1500584212
2278299653
1500600220
1500594307
1818267490
1680187764
2251245743
1835149580
1500573865
1593599485
2201243641
1500574084
2139765369
1500585804
1651376873
1500578862
1866682779
2026266241
1563097222
2161612088
2032837588
1500600268
2025041642
1561839735
2353072424
2028467328
1500589754
1744325566
1500579313
1947879746
1500576378
1613698329
1500579326
2403809756
2212698914
1885226745
1626159548
1751600515
1888981630
1899636535
1500599917
1852451448
2453084262
1826387128
1500589229
1882302362
2469278785
2136414499
2134983808
2227943053
1576963635
1658391104
1500580909
2481738704
1500589883
2054668555
2007698471
1500576121
2273834616
1500598930
1500598169
2088178629
1500593224
1809104814
1500582812
1571144318
1500594750
2090518871
1569416366
2305072914
1757424450
2053346932
2059026026
1500578897
2272569705
1534679555
1681720022
1500594582
1534202924
1500589616
1876621430
1500584946
2075661393
1500596468
1500582235
1645207577
2211037700
1500576649
2387422738
1654847308
1810056613
1500571413
2068635304
1639372730
2294225075
1500575820
1500591238
1717579801
2416979347
1529028490
1500600653
1674833626
1500583503
1597994495
1500573652
2404938512
1693573223
1500591250
1500573635
2141085333
1575727838
1878559156
2326174682
1922306407
1500577811
2030200305
1500578388
1500593205
2048427371
1500581536
1725119862
2334112553
1598406666
1893582275
1782631702
1669819611
1500596193
2193889366
1500593504
1500585030
1895497739
2092680747
2343758444
1500589088
1899898343
1500570946
1583335290
2076674507
1686529863
1500592069
1500597519
1500599824
2049226769
1500598539
1500587881
2083739550
1500575926
1500594440
1716318910
1500597118
2036625522
1500579126
2056197137
1993048151
1723247172
1500574265
1636702389
1500592401
1500586316
2343174999
1824838423
2029562185
1500571454
2128190621
1801768574
1720054982
1500573716
1500571568
1500598631
1500590402
2318327565
2283474979
2346057798
1500592164
2326410702
2400945236
2397219901
1668747528
1500571927
1500579387
2095296584
1500591568
1500585905
1500579431
2397860626
1500579574
1599481372
1566318674
1862666364
2100856893
2308553267
1763266187
1697037696
1500599066
2343410671
1576784537
1644460187
1975506720
1500572860
1500589618
1500593443
1896153031
1500598840
1500600586
1883130040
1500581103
2224790403
1500583848
1500590662
1861172545
2303237328
1500578258
2061359215
2051082017
1500575872
2307044612
1930556080
2176220511
1861010692
1500598846
1939523840
1500597473
1500584220
1500578098
2230427542
1500594295
1648856445
1935687314
2072820219
1985820142
1500596024
1536485723
1500581609
2101924724
1500578366
1879417242
2250101022
1500588554
1500593332
1725650611
1715989799
1500593058
1500575458
1593008714
2418824590
1660530957
1894907317
1502019892
1500574874
1500571362
2092111899
1500577462
1708454266
1500571791
1526025478
2224832622
1500597372
1500593198
1500599731
2352971009
1646561092
1833035225
1711552701
1931491403
1646496449
1500576954
1500576366
2433592607
1514164058
1828592379
1590709478
1500574352
1575937040
1500583015
1500573612
1556899947
1982674984
1941663668
1500591654
1525523205
2021284051
2015883726
1529621877
1500589909
2261229277
2165223129
2199080349
2008736164
1580094391
1500582221
1500596214
1500574678
1745345145
1679835800
1799341869
2321384714
2073775076
1777961800
2410826450
2414069920
1500580978
2413026579
1500598178
2170717027
2275676838
2295213049
2212698914
1500580682
1927978629
1674843159
1500585741
2090888481
1528970962
2057165556
2076425634
1839136007
1789834200
1500593230
1500580071
1500578127
2313738409
1500585523
1668789157
1500582210
1500591307
1601324832
1567409325
2120518426
2129482036
2025100823
1500585556
2234670105
1854009290
1640797798
1516394549
1500600592
1500596922
1518488269
1500591367
2367537616
2475499904
1783055252
1500582271
1500576827
1773743514
1500588913
2368381028
1918504585
2349249958
1902244107
1500589437
1500587742
2170717027
1500600766
1782710137
2476286636
2078441302
1697648004
1524483728
1888311514
1500586875
2221073961
2194267156
1947298409
2471896567
1560022716
2373786014
1652827665
2494410393
2245327617
1784329055
1500581260
1500582718
1500595951
2183555615
1589035187
1714082432
1500590915
2408726012
2448975203
1663880636
1500580273
1993430178
1678817816
1740042869
1500589186
1500575136
2299055027
2403202642
1500587025
1819252428
2276791384
2416389295
1500583615
1998190757
1500586761
1959704310
2391093583
1500592560
2064717769
1775303097
2230137004
2181130902
1500592152
2050693890
1500600561
2055377956
1500590243
1500591981
1708538074
1888138068
2099273839
1500588009
1500585864
1500592317
1864269592
1500574636
2157443428
2179575433
1500584492
2302378435
1500590045
1500572718
1500593928
1500599053
1874253431
2474354654
2019960843
1987663697
2061756648
1976170034
1669913666
1867867181
1500576706
1500586023
2118138640
1777274165
1679401574
1699729948
1825305094
1763490979
2332065621
1934136396
2016591439
2318092206
1500581521
1500598315
2083955337
1500577005
2151016922
2281911342
2089999091
1844480584
1956501336
2306214175
2096007329
2226901856
2013704907
2443815731
2459577523
1896426421
2075661393
2429618894
1500584182
1650586161
2098253780
1674928313
1500598154
1500588843
1594852821
1609367115
1500579025
2241065914
1852388670
1946380297
1500599493
1500587092
1500596669
1500579537
2293109789
1826619907
1933612697
2301777674
2024561708
1946280674
2233959052
1586041318
1691762354
2222481874
1826436731
2136219920
2402882162
2437504696
1779468357
2340858780
1500579515
1500588899
1500577583
1729505829
1500580391
2381741830
1768462562
2447100608
1500578615
2111973769
2466774697
1554016235
1500585058
1500595789
1596526157
1500585328
1753823692
1500571696
1500580420
1500580144
2466766006
1697443508
2136449943
1500590264
2424591387
2083630253
2199593129
2135247050
1779756222
1539863968
1500589699
1500578042
2458367088
1792745403
1500582723
2089581172
1500575912
1900390526
1758964046
2287924697
1737587698
2272324367
2196381198
2177992640
1500577427
1500583293
2093038678
1500588994
1568959724
1512473706
2323943053
2409473465
1853468549
1500584435
1703648312
1500597240
1936164087
1500599134
1503121050
1739574064
1772183091
1500572739
1588378125
1500585811
2074530507
1500574029
2179928502
1500589799
2023723541
1971410029
1918663723
1500573101
1508691996
1500594015
1500589406
1500579777
2119532062
1500585841
1870784674
1870606929
1510149933
1500586167
1500586335
2033151798
1500586849
1500574695
2347006552
1858987514
1500577329
2146067524
1500584984
1819263373
1500593326
1903691199
1500599792
1991808792
1583941278
1500589044
2360939300
2121706852
1500572723
1721786339
1500583069
1500584083
2341052758
1527269526
2071892986
1797053273
1862019833
1500572170
1606067449
1917042277
1837533501
1500586598
1668326552
2233921219
2052848858
1500571790
1500590554
1712875458
2167324575
2331910513
1520312289
2164624016
1500594223
1800891810
1881601776
2342078381
2229465067
1500588391
2245770501
2347156312
2289705560
1805049044
2155423712
2280873515
2405741495
2017504936
1500592259
1500597884
2358777462
1500571697
2291470750
1674770951
1569050827
2442235586
2143753798
2233107509
1798665897
1654053928
1500585543
1500588639
2219927383
1500591123
1500583697
1781217426
1555541308
1750578089
1994473197
2084236193
1500595651
2416920335
1500583816
1649489055
1500593741
1500600182
1500575604
2198150533
1500587773
1749288627
1611310950
1921770524
2441158051
1500574182
1593546799
2171432293
2289599271
2252199057
2204554232
1500576113
1500579636
2036071199
2098326410
1500582718
1717047099
2010020031
2195109569
1865145336
1754152510
1500595987
2379628313
2370846520
1500576150
1500581975
2162400758
1703344845
2025973679
1610288555
2301361982
2047501039
1500575359
1500598243
1500587920
1567486677
1955400577
1500597085
1500598016
1581516349
1500588111
1838698888
1500576020
1500590580
1636673780
2391280009
1500588160
2427492218
2408671678
2295929839
1500599672
2203855332
2095638506
1500572053
1500591274
2359084337
1500590938
2120785652
1738911747
1500595344
2346449899
1500593560
1500581179
2250200635
2053456538
1529800072
1500576460
2402514894
1634579956
2336447093
1500573868
1654601002
1585986815
2391653162
2301571390
2359689143
1500586880
1981145303
1794520868
2250922381
1500585521
1500571312
1808042706
1500600586
1500596829
1715636510
1500598810
1875414636
2177432641
1500588462
1823892569
1500585958
2095429349
1500580851
1500596492
1500597747
1500583129
1964372089
2123629922
1628506941
1916217993
1500596189
2221230978
1500589326
1727777466
1500582073
2097803052
1697902678
1500599723
2233595652
1578056187
1500592469
1500599858
1707863537
2293200735
2135929028
2430162324
2086200889
2401018132
1500575624
1500581272
1966358070
1500593301
1500600473
2248550577
2311433130
1500579108
2134488051
2189570402
1500575291
1500595379
1500585765
1500574340
1500587522
1500572210
1500594337
2287051470
2311011413
1500598177
1500577449
1596582947
2487213111
1500595943
1747542705
2332619940
1506810107
1586153448
2183853374
1500572994
2373125669
1915238702
2367790415
2421414467
2371558215
1500580171
1500590477
1949222413
1500595300
1500596419
2173112542
2257335325
2053347537
1500580215
1500591974
1962896983
2382057705
1500584863
1500580773
1500593673
2139041148
1652509719
1500575515
1500571105
1682176802
1654331962
1500577964
2349782407
2198818167
1500599774
1500594493
1500580899
1500593457
2254283933
1500584475
2066972856
1500587356
1500580870
1500583037
1539447018
2028466033
1796418949
1838607839
1804291271
1823892569
1581640575
1500572154
1946678736
1694671333
2079044114
1500590313
1500584240
1500578608
1500593691
1500585047
1500574642
2352995325
1544226027
1950500066
2068195374
1508070797
1500587942
1608104106
1760117855
1500571934
1568057895
1824942736
1500580023
1500591629
1693338547
1855676479
2409056867
1838371873
1500599729
1500586885
1500573083
1995964591
1876239856
1565363045
2095147448
1500598613
1500574979
1500576320
2402545765
1508094925
1584211155
2385381897
1695148070
1500596773
1629538788
1925981986
2237865689
1503124559
2099625710
1500571887
1500594833
1766755610
1556962903
1910306074
1500584510
1500587931
2133980838
1500597218
1985833362
2055296677
1500595054
2114523964
1500578122
1911940524
2197284943
1500593289
1605250058
2209531910
1560682231
1500582422
2171720231
2104147659
1592232216
2353326280
1500599782
1500574962
2279693578
1500600479
1500576649
2380916546
2233585172
1992387471
1500589989
1870137110
1500576949
1650464552
1500575957
1698884953
1718683569
2344693305
1500576225
1500581963
1500593062
1500593167
1500577726
1806345257
1500591291
1500591836
2166422075
1500596186
1500594976
1785562182
1500594070
1500585779
2194423855
2019239686
1599445315
1500592572
1500600177
1500599271
1915088466
1902195786
1850787196
1500583436
1500580466
2145253430
1505845674
1985040302
2223050650
1849444400
1500591172
1540889692
1664453671
1500579683
2251733661
2206199382
1500596052
1750926473
1500579228
1962049745
1500591411
1500597740
1612783015
1500590853
1503557808
1722130864
1500581977
1500576193
1856022963
1500580872
2107234680
1504256619
1690601580
1903220821
2178088965
1535582342
1573969311
1500588798
1869790887
1500581143
2267489318
1500587208
1582867941
1762863117
1500586216
1500581147
1500574437
1822155778
1567742761
1500596492
1507026950
1500591845
1573929937
1500599448
1500577329
2004596356
2084175895
1700645929
1759853780
2188101774
1506055000
2215596010
1500858337
1778232608
2260944449
1544042769
1871612924
2108428217
1500583529
2208043465
1500573896
2047193226
1500576554
1500591123
1500584346
1500576748
1500599006
1875305346
2149035025
2031606590
2060493714
1500588789
1730200199
2293062631
1500575087
1500598058
1691597167
2003840052
2262137126
1500587791
2288094234
1500598446
1505777370
1961052632
1961860337
2480893889
2065736431
2048711487
1500592519
2239394382
1505252174
2420826799
2038861883
2099029249
1500574806
2005354931
1891433790
1500578387
1500594161
1500593317
2032240763
1611328773
1500585785
1500572516
2349243933
2916986654
1500584189
1500594242
1500599517
1755969251
1500595415
1623497010
1940347405
2069166413
1867092691
1903643521
1500582052
1774760782
1697197117
1500578167
1551108991
1501646165
1500854789
1500590841
1500571641
1650254007
1508308258
1729406738
1684352885
1554163331
1556881419
2224481068
1547833445
1700503312
1971762952
1655374297
1500597386
2322292024
1865706846
2314410046
1999663521
1833902130
1671159253
1578572690
1500573716
1970572059
1672925075
2132277706
1500760147
2139020083
1527636096
1909319774
1500583682
1500597561
2192308612
1839895737
2043755101
1500582730
1553456435
2012138321
1500587038
1687046961
2244805232
1546919520
1500582674
1791391079
1774974201
1828897697
1504693545
1959210463
2202366895
1513165162
1500577158
2081366292
2226882361
1500585861
1500597812
2001836544
1500571282
1500577678
1697443508
1919026059
2126184554
1506010640
1500589948
2104544025
1991510160
1687573666
2283739893
2204606960
1614586155
1920514081
1962726085
1500593999
1500579264
1873605753
2111711686
1713848986
1549751628
1909905459
1524087463
1500589736
2341047892
2272500552
1919928167
2086864022
2011246416
2000587640
2082864944
2053342869
1778262826
1886791644
1522037593
1500600824
1500571481
1500572612
1605004319
1500580556
1500589536
1925723497
2214338554
1980988042
1500599469
1795248745
1500575437
1926516243
1975278453
2043929130
2122665292
2376749065
1782572421
2027588128
1501807003
1500577136
1823170459
1500577900
1500580659
1615524849
2390307460
1500572682
1803129225
1859556631
1677808723
1791988585
1968010474
2112807216
1880568789
1502102033
1500580213
1500588375
1902546760
2071824380
1500571326
1500578665
1585705306
2105259445
1504996794
1500574726
1500599454
1944577011
1500581266
1500588798
1500599350
1500594557
1500577068
1500586922
1500593410
1713990350
2165569236
2161072874
1945221525
2221464423
2254620704
2312572812
2425484138
1992939932
2193530423
1944459227
1703182139
1759551107
2406863740
2083463661
1993216529
1993467800
1500573817
1992310435
1508735485
1500582388
1500595826
1501660440
1871426623
1563529472
1506812120
1500575703
1502953232
1500587957
1500588695
1739784746
1676254914
1500588297
1500574557
2200204738
1651347101
2415660813
2331252073
1500589222
2410820087
1500573779
2024175682
2152168169
1501223832
1500583032
1500594204
1500572259
1500582500
2009249425
1500578090
1500595281
1755293548
1940469147
1923575637
1500595525
1500594499
1991299369
1500585057
1503127253
1823812112
1503473279
1828417522
1500572898
1500596332
1500576249
1890922458
1595588456
2059776849
1637647362
1648762046
1715470714
1500577646
1981220380
2042874853
1500591000
1522853559
1510120160
1502685825
1500592878
1500843493
1573254098
1551019759
1761881110
1500585360
2093982950
1656684902
1962264236
1500596587
1501448683
1500599801
1500593876
1725194145
1501775502
1500578968
1500589696
2032568109
1932175751
1644980990
1500591323
1500583871
1610408399
1500584560
1540489372
1658658576
1500600648
1847873101
1501719807
1500577940
1500595302
2127620400
1500595625
1500579800
1500588862
1500594794
1500581792
1675085992
1853966404
1617027436
1982805002
1529975965
1500576080
1500593528
1500581985
1500598979
1955774138
1500592269
2125688059
1500584434
1501875718
1503130351
1798039776
1505901682
1519264526
1557179521
1500576549
2125658314
1500582510
1500585716
1596245864
1500598024
1549828119
1778591050
1501881812
1500573607
1505143278
1500584118
1508925937
1500579338
1500590743
1500791923
1500582140
1584068966
1507290476
2124795278
1503782620
1500575355
1500578825
1593464518
1501071264
1931464952
1673779463
1500576914
1612480648
1500577841
1502721982
2029441880
1886113441
1500587138
1548632889
1500593522
1500572565
1500594105
1564810440
1503587578
2090261032
1500599038
2111853002
1866064133
1505326696
1898413748
1842250034
1500593960
2008448383
1500592802
1502781542
1626051677
2073537622
2096567059
1822098271
1613787681
1500589102
1637933989
1870717644
2089969354
1922712703
1500596670
1760117855
1505372666
1778130969
1990128927
1579230730
1713382400
1502220347
1500585207
1500577259
1519476086
2395059859
2371841919
2093258438
1531453623
2106804897
1534396906
1773590500
1500592542
1500571096
1629105018
1500600638
1500584892
1935968838
1500593070
2166939211
1504900021
1762966107
1500586920
1500575378
1500574989
2160629372
1500590152
1788541523
1500592126
1501069392
1619829910
1500579245
1500587894
2102518876
1809090368
2102139695
1853623777
1503145592
1500571910
1736498031
1933517443
1901148746
1597477509
1500575487
1500597266
1747550531
1939171823
1503383171
1500577652
1500580438
1500578159
1500591496
1500584079
1500594866
1504269445
1829559436
1572225141
1500595444
1500597392
1500588016
1500583798
1502163147
1834091983
1907194645
2037290561
1500594018
1501476152
1826471650
1500598012
2097926647
1500576118
1641856139
1641378539
1961747384
1500584106
1572455217
2011362290
1500589617
1500592965
1695424506
1500580824
1501239529
2060129516
1500592076
1875144493
1500600711
1500571434
1500596736
1500581159
1500584181
2100767726
1500600131
1645011373
2131953852
1850972564
2128030948
1884106388
1500591176
2047690471
1664183711
1837890693
1674496381
1500578235
1500587563
1751245423
2255496377
1802964240
2007238731
1529523023
1500592699
1888673749
2080873666
1721760563
1582564499
1615133267
1500589294
2056335753
1500596969
2104339289
1510531773
1500598278
1500595353
1500584002
1500594025
1500576254
1500582265
1886994388
1500579746
1590974079
1503272907
1500580455
1500595160
1500593861
1903201164
1673740398
1502697572
1673184539
1500572359
1500581448
2305428130
1815692488
1500577586
1695906582
1786567551
1770591029
1500587395
1500599681
1808380531
1684255145
1500589853
2059725961
1505669923
1935564977
1500584853
1500572671
1500578354
1663565169
1900779359
1649477881
1500577539
1500595648
1938978178
1500572687
1562822091
2049678352
1500600001
1506317290
2013981193
1500595063
2007554940
1500587800
1500581534
1826240338
1673737285
2116137079
1500576641
2114545049
1500597135
1500574651
1841579033
1500572263
1500596033
1793973954
1505650856
1500575404
1723382889
1500582338
1504083034
1503142247
1504080362
1886994370
1982018891
1500584722
1500593221
1500571080
1929185420
1505155330
1500587763
1673779463
1501477410
1500583348
2006949705
1699935420
2006621011
1738945254
1591105529
1500590554
1809051897
1502202075
2045129553
1513495965
2022398118
2098045377
1500598007
1923365943
1785825808
1500591515
1501114872
1623316237
1786012118
1501101649
1505469159
1819305972
1590065942
1990094052
1500574816
1796343056
1500597715
1500581954
1503341862
1540019962
1880162249
1852325627
1509426282
1899634635
1500577157
2370313486
1891314341
1665444848
1631274355
1500593083
1503208281
1800513658
1750722079
1688229331
1500589708
1687068792
2495139341
1500585761
1879085051
1957915216
1500578177
1839401192
1564884116
1500581049
1504490084
1502664694
1500594408
1500599948
1500589041
1500582844
1501484576
1503060499
1931015256
1719482607
1500574817
1500588504
1500599079
1500584746
1504250365
1500585054
1500592419
1500595693
1500590517
1500598009
1500575572
1937535067
1724457520
1896309819
1500599958
1500580610
1561618523
1501443448
1500594944
1500576797
1791996115
1708215341
1500591027
1503080124
1661193406
1500572390
1500584065
1500571627
1500576701
1500590071
1505311486
1500596705
1596859638
1500581647
1863115225
1500590814
1502582872
1532190526
1953657720
1500591074
2133951725
1841638435
1713223054
1500586764
1540212408
1500589138
1507838365
1597477509
1500588840
1501193967
1786931882
1500586969
1838237837
1518497439
1783675114
1500571823
1846136619
1500591955
1687681955
1500586084
1847791563
1559967121
1500576846
1755719601
1500589684
1805548643
1500600848
1519024169
1817872812
1644615972
1500588370
1500589713
1948975409
1572592025
1507006354
1771210093
1500596853
1500579163
1500579884
1500590152
1622400813
1500574451
1778003079
1500600255
1593196189
1500582290
1500583873
1500586846
1500589093
1782938765
1896062460
1500578735
1500583607
1855977008
1635298622
1502088343
1500597322
1500586471
1820948440
1500575866
1506120275
1740603620
2397221310
2483148599
1500590507
1512048426
1504672551
1525339803
1500586965
1691939687
1500596035
1500576915
1500598150
1508293817
1504463588
1805614249
1500597534
1723711331
1500583014
1503658053
1500597411
1500583500
1816515037
1503540691
1778280100
1500587038
1500580420
1503950278
1500578307
1500587048
1543708526
1684641018
1500592767
1500598604
1762186877
1541772432
1500581881
1500597440
1500584978
1500594369
1506211304
1606401248
1500571742
1500591419
1500579426
1695825333
1500594797
1847100327
1620646752
1500593955
1553050289
1500597444
1500579743
1722696530
1528085010
1500585887
1500581169
1500593136
1502676698
1507550415
1500582612
1647865503
1500573925
1500600627
1500586207
1500581335
1500579926
1500576763
1500596366
1500598405
1500585153
1500595470
1504974241
1509605339
1514579520
1500584407
1534767413
1512167986
1500598664
1500588307
1500599204
1500598396
1522796057
2309062390
1793677811
2353699555
1603854844
2318276468
1502419299
1500577320
1500589949
1821648578
1500579217
1500592980
1500572813
1503463038
1500577137
1500589435
1500580546
1506452474
1509068255
1606585084
1711951745
1503208899
1500587613
1500582146
1501741747
1500598266
1500571133
1500576300
1500583666
1500595238
1500600719
1500598131
1500593611
1502841476
1503603966
1800346052
1500579048
1500582828
1501349973
1500581612
1608849575
1772253601
1500582832
1500593900
1500580142
1667485161
1500576326
1735154995
1695424506
1500597196
1504564226
1501616094
1500599611
1500576408
1500587599
1500600861
1504088161
1505216436
1504462195
1500571887
1500586881
1504526452
2475040566
1500576203
1505431170
1500585005
1500581566
1500575932
1500582415
1613107745
1502100764
1504979227
1500571725
1503950083
1501370758
1500583341
1504826996
1505602075
1503037630
1506577148
1500587329
1500579238
1500572065
1755561393
1500578059
1500574218
1500600825
1633327796
1500593260
1500857632
1500596462
1500582164
1500585022
1500585761
1500599962
1697236860
1500584458
1500575110
1500576622
1753000571
1500597047
1500584026
1500599428
1500595320
1500597350
1500595736
1528437564
1822470843
1500595623
1533148045
1506375759
1507682297
1542805614
1503258865
1500589042
1504290427
1500600046
1500591309
1500579930
1500580326
1500591755
1500584578
1501537650
2362437615
1500597942
1500589660
1500584552
1500574266
1500586802
2454216489
1658007746
1776944236
2110631644
1764891453
1500578544
1707796532
1500589845
1500580575
1565091413
1506938001
2058676036
2278626336
2247856534
2363434177
2380331274
1689988022
1507283117
1698069459
1500587297
1500583982
1500592433
1500585765
1500576622
1503416759
1500591037
1717889392
1620701044
1501362854
1502601793
1501485550
1500578766
1501333914
1501147378
1537157209
1503311714
1500593002
1500572594
1592572674
1500590448
1501192078
2215330688
1513580611
2145127252
1500591700
1504268858
1500584332
2205078841
2002871114
1500586500
1500580389
1500585284
1500581336
1505335441
1500578406
1500588257
1500581881
1500584029
1500574430
1736301856
1570828935
1621020431
1500585113
1500598629
1500571167
1500577077
1500599256
1500579312
1503288769
1500587842
1500600004
2569407464
1502330374
1503592489
1500583671
1506911303
1504977192
1500582043
1500599989
1719482607
1632262222
1500576899
1566222147
1507575373
1500584599
1500579000
1500585188
1500590992
1508799302
1500592169
1500574474
1501070079
1500585785
1503750868
1656323050
1500923751
1500578330
1500574057
1729931527
1500599077
1500600246
1598080258
2008002091
1500586328
1500580820
1703251303
1500581632
1500586039
1501116830
2398674288
2393841409
2348002914
1500575548
1500583037
1501776631
1500573688
1501583764
1503367724
1564558927
1707536818
1500582750
1734119870
1662269797
1500571636
1500570940
1580629089
1500578858
1500583414
1500573923
1502202944
1500588409
1500588976
1501115987
1500592261
1500597752
1500599305
1500575940
1502224874
1500574412
1500592850
1507207784
1712865775
1505274683
1501850787
1503210300
1500577819
1500597388
1500587479
1500597812
1770760285
1500572145
1500585724
1587812892
1500585241
1544184818
1516083862
1500572356
1500572545
1500593199
1719489091
1679936637
1704889827
2481178312
1764202727
2075918215
2220421122
1500589295
1567052686
1503269560
1500576037
1500577607
1500590553
1502182482
1507697500
1503301546
1500600438
1631842295
1567220926
1500584820
1500600699
1500600424
1500574974
1500584458
1501049207
1500579454
1500584196
1503131169
1502635972
1500578555
1500586538
1505033841
1509089424
1500589540
1608976830
1500581498
1500581632
1500597294
1500584348
1500589609
1505376646
1504857559
1574019936
1547655467
1500581752
1501081404
1500582952
1500590771
1500600092
1503263438
1501121476
1512021877
1500580144
1500595156
1500593332
1505935422
1500584340
1500577578
1500575457
1500598297
1718176860
1500576334
1500622447
1602784310
1504851663
1500576115
1500599417
1500583929
1508103588
1500574936
1572027854
1500595339
1500578177
1503214299
1500595757
1633653776
1500590265
1500577823
1500575743
1500588927
1500574001
1500571994
1502592766
1500586792
1685946854
1503966386
1501329651
1502231208
1667471304
1500598449
1500576886
1712483235
1500591771
1500579170
1515062113
1581368790
1500580074
1500579494
1666659579
1500595088
1500592485
1500572993
1500589898
1502525781
1500573569
1500581965
1502819374
1698568521
1500598642
1500600042
1500577580
1500581154
1503755189
1500600075
1503369322
1500599718
1500585816
1504876085
1545082997
1500571583
1523747353
1501646859
1500709804
1500586967
1500578240
1500592776
1500580582
1500598603
1641181843
1500590520
1500588567
1500578466
1654712300
1500572422
1500596718
1533727876
1653231248
1503995031
1501601699
1506211951
1505384931
1500596334
1500595250
1500600065
1500593151
1505217399
1501094271
1501127294
1506677456
1612931118
1500595613
1500574629
1500593909
1500599703
1500587837
1502244753
1500592312
1500582949
1658937435
1500594100
1502509354
1500598953
1500581878
1526573296
1526573296
1505699076
1500579501
1505699076
1580862234
1580915981
1580834420
1580919777
1502653390
1500591376
1500589907
1502678127
1502663199
1500598627
1500573932
1539245455
1500586837
1544049630
1544024893
1500584902
1500591487
1500594595
1621792587
1501470843
1503103088
1500587088
1502883613
1502245447
1500595012
1500573795
1621461580
1504326713
1500591854
1531151878
1500592541
1501446863
1501063260
1503660599
1503660599
1500590255
1500587534
1500583298
1500588293
1500571489
1500585350
1590680375
1500585133
1500571848
1502311768
1500694967
1500598406
1500575147
1500586009
1500576892
1500588475
1500579776
1500599818
1500759156
1500588883
1506475966
1500594033
1500582301
1503983489
1500582786
1503935094
1500600271
1500593306
1500578478
1500572908
1500572408
1500585002
1507176393
1500767139
1500596665
1500576169
1569781889
1500579195
1500597522
1500746563
1500591498
1596897321
1596859638
1596897321
1502644475
1507586729
1500589197
1596876466
1500576066
1608177008
1596859638
1500589897
1500588015
1500586193
1500596937
1500599042
1500576222
1500592744
1500582531
1535693071
1500582412
1500600700
1527037613
1500571027
1504619295
1500594831
1500573975
1500578195
1500590936
1549027239
1500586127
1500589141
1500589141
1500589141
1500576330
1500574694
1507755269
1500585387
1500574018
1500590858
1500594959
1500572445
1500579795
1505635123
1500589492
1505636159
1500574091
1500591281
1506083013
1521251488
1500573452
1560056463
1501883285
1500600440
1500588322
1504944821
1504972356
1500588247
1500576684
1500590332
1500590728
1500578698
1500589550
1500600217
1500584240
1504417550
1500584938
1500577642
1500587660
1500600131
1500579992
1500575349
1500590264
1500574258
1500592976
1500594737
1500575913
1500580814
1500586731
1500575927
1500577881
1500581145
1500595222
1508153299
1500584432
1500589567
1572266883
1516734003
1500585344
1500581533
1500578047
1500576774
1501015750
1500591211
1500588321
1500596831
1500597031
1500587275
1500581078
1500584812
1500577820
1506887251
1500585710
1500594597
1500604663
1500598434
1500596263
1500579876
1504731858
1500590400
1500596941
1500589404
1500592124
1500593120
1500571127
1500576253
1500580905
1500581978
1500580812
1500900046
1500590037
1500582991
1500584740
1506854801
1501118249
1500592981
1500587058
1500581305
1500588859
1500572346
1500594852
1500576767
1546273762
1500589717
1500577831
1500598339
1500591632
1500576703
1579035390
1500587463
1500598339
1500578838
1500595550
1500583966
1500584825
1500581377
1501100708
1500572852
1500587409
1500575990
1500579476
1500575940
1500587315
1500572937
1500574547
1500595311
1500589149
1500596243
1500586172
1500592676
1500585490
1502955631
1500580796
1500734499
1500571493
1500578923
1500592513
1500584947
1500596237
1500595401
1500579343
1500571597
1500593708
1500571255
1502104267
1500595461
1502527781
1500588092
1500576695
1501801498
1500591588
1500577483
1500580158
1500593665
1500593665
1500580825
1500592804
1500591999
1500588778
1500590323
1500575804
1500575804
1500577983
1500580095
1526905905
1500599500
1500580619
1500571058
1500597370
1500584184
1500597488
1500584471
1500595001
1539626934
1500594023
1500600121
1500586191
1500583420
1500586191
1500598803
1500597111
1500597154
1500597925
1500598328
1500580135
1500572258
1500581670
1500594290
1500594639
1500594887
1536009018
1500589874
1500594470
1500594260
1500591329
1500576770
1500571240
1500599468
1500580348
1500583844
1500586094
1500588318
1500599046
1500586825
1529628706
1500588813
1500578313
1501112609
1500575697
1500590553
1500572641
1500592458
1500585902
1500571620
1500589009
1500599858
1500580374
1506699513
1506680836
1500580813
1500583976
1500599117
1500581749
1500591219
1500579437
1500580616
1500573969
1500591893
1500599530
1500591868
1504711273
1500815982
1500595168
1500573553
1561338383
1500600570
1500589540
1500597240
1500592951
1500586571
1500575114
1500591595
1538556149
1500582743
1500593759
1500581760
1500576482
1500600444
1524740191
1500583525
1500596873
1500580499
1500578974
1500596452
1500586773
1500579685
1500585070
1500580592
1500574448
1531151878
1500587001
1500590718
1500585746
1500599819
1500572182
1500599764
1501772542
1500572292
1500594793
1500587401
1500582746
1500595595
1500583756
1500590179
1500582914
1500577338
1500580782
1500583099
1500596733
1500574054
1500575623
1500577986
1500595792
1503767450
1532650467
1500589978
1500574935
1500588210
1500591895
1500588210
1500591822
1500573799
1506842736
1500600427
1500587021
1500590033
1557104500
1557040741
1500572422
1500580447
1500591135
1500598207
1500577551
1500577054
1501475865
1501501272
1500592979
1500580161
1500573146
1500582481
1500592834
1500594696
1500587808
1500593104
1500595028
1500587413
1500577070
1500575834
1500575256
1500600321
1500590248
1500575752
1500579818
1500582419
1500571686
1500597606
1500599430
1500583960
1500585864
1503354136
1500595114
1500583207
1501005193
1500595953
1502159833
1500586800
1500573194
1500576418
1500598966
1500585863
1500585360
1500850471
1500599330
1500589047
1500590827
1500577328
1500591434
1500574480
1500596212
1500575984
1500572987
1500585814
1500584868
1500592366
1500573607
1500571083
1500592936
1503926765
1500583598
1500584353
1500596137
1500583916
1500574053
1500595473
1500591083
1500592617
1500597074
1500582476
1500591629
1500599900
1500577908
1500574481
1500572255
1500594184
1500591133
1500575295
1500596697
1500597089
1500597680
1500577871
1500586217
1500580693
1500571590
1500584912
1500584912
1500590104
1500585754
1500597671
1506044474
1500598773
1500573538
1500600627
1500583020
1500583020
1500586101
1500599780
1500597572
1500577023
1500579113
1500574440
1500572578
1500591539
1500578756
1530872697
1500592734
1500583156
1500588598
1500593221
1522689858
1500573458
1500576033
1500577312
1500596512
1500588877
1500588505
1500578707
1500582387
1500589774
1500597923
1500587315
1500584178
1500595831
1500580516
1500573787
1500596354
1500594762
1500594975
1500588227
1500586557
1500584282
1500593922
1500582183
1500579813
1500587346
1500577253
1500591410
1500594102
1500574147
1500595412
1500588617
1500580856
1500596052
1500572738
1500590300
1500576665
1500583186
1500581141
1500577421
1500600480
1500577052
1500587099
1500583607
1500587765
1500590770
1500597723
1500593777
1500591943
1502159833
1502107926
1502179272
1500574697
1500571890
1500574448
1500592594
1500595508
1500573122
1500575976
1500586133
1500595836
1500575208
1500579244
1500597748
1500598427
1500582951
1500576873
1500590528
1500588550
1500586569
1500586368
1549516900
1513775507
1500580602
1500584556
1500573011
1500585588
1501662206
1500572454
1500588990
1500590300
1500571323
1500596129
1500575702
1500592449
1500595313
1500597409
1500589945
1500586335
1500573023
1500592232
1500587031
1500592232
1500592204
1500586678
1500590848
1500587879
1500596914
1500585609
1500576577
1500594439
1500580364
1500579849
1500577445
1500588883
1500597258
1500587972
1500571811
1500584277
1500577037
1500583988
1500583988
1500591869
1500576144
1500584539
1500585741
1500589708
1500595722
1500598776
1500594319
1500581600
1500587857
1500594655
1500599942
1500590078
1500581719
1500597346
1500581719
1500584208
1500582976
1500573523
1500574473
1500580727
1500574237
1500587655
1500599962
1503173509
1500597138
1505774551
1500597637
1518116261
1505754886
1500574558
1500598652
1500596565
1500592388
1500590923
1500578834
1500578503
1500592696
1500577718
1500577718
1500593260
1500584937
1500595577
1500578497
1500585306
1500583315
1500599078
1500579332
1500588995
1500589214
1500573550
1500574474
1500586921
1500593032
1500574815
1500576789
1500577132
1500598214
1500597042
1500578535
1500588711
1500571284
1500600400
1500587734
1500597198
1500581901
1500581901
1500587183
1500572742
1530503634
1500587958
1500578959
1500596113
1500594555
1500578646
1500573890
1500595092
1500595092
1500583427
1500595230
1500592764
1500586049
1500583427
1500595230
1500580863
1500580863
1500584617
1500593403
1500572035
1500575633
1500586170
1500586170
1500597742
1500597381
1500590302
1500582125
1500591110
1500591110
1500577177
1500573926
1500582233
1500581130
1500578363
1500747702
1500589571
1500600727
1500579087
1500588167
1500584154
1500589951
1500599660
1500588116
1500588634
1500580510
1500575019
1500588418
1500598646
1500596307
1500593207
1500581252
1500591602
1500579408
1500578954
1518410605
1500585056
1500587838
1500590953
1500582890
1500587247
1500597770
1500592421
1500585871
1500587870
1500572506
1500598587
1500583575
1500594094
1500594723
1500595633
1500594094
1500593776
1500571505
1500579343
1500571230
1500584922
1500592981
1500581119
1500598215
1500596554
1500599933
1500585416
1500588202
1500584167
1500576333
1500584141
1500590918
1500575133
1500584060
1500591983
1500582832
1500580372
1500583717
1500578524
1500578524
1500594853
1500589448
1500595702
1500598430
1500588624
1500589968
1500574052
1506513255
1500572843
1500576443
1500582066
1500594941
1500574630
1500593414
1500585511
1500597686
1500597680
1500589466
1501433886
1500599292
1500579888
1500572223
1500574265
1500575644
1500597738
1500590283
1500579888
1500572743
1500579888
1500590283
1500588531
1500572665
1500598101
1500595713
1500595713
1500586986
1500582624
1500585489
1500579009
1500593577
1500584716
1500597623
1500577378
1500573833
1500599425
1504268858
1500596336
1500597817
1504317864
1504317864
1500575609
1500579060
1503921813
1500593916
1500859459
1500587593
1500577070
1500578562
1500573176
1500573176
1503786909
1500580425
1500591801
1500578370
1500572696
1500591802
1504543393
1500576575
1500579013
1500599318
1500587551
1500593613
1500575486
1500574006
1500575242
1500598886
1500599455
1500579272
1500599455
1500595199
1500575534
1500583911
1500576122
1500587668
1500578189
1500596863
1500579679
1500590448
1500594455
1500597197
1500585114
1500596020
1500576795
1500599673
1500597235
1500585245
1500596549
1500578879
1500589214
1500588922
1500577431
1500572074
1500596006
1500599624
1500595901
1500584473
1500589071
1500579611
1500592911
1500583607
1500579611
1500572049
1500585414
1500599124
1500574346
1500580130
1500599415
1501024381
1500999416
1500599667
1500590030
1500590674
1500589179
1500595999
1500573710
1500573710
1500577384
1500591528
1500597585
1500590350
1500584604
1500572273
1500575400
1515842668
1500581464
1500571547
1500585654
1500579680
1500593641
1500585654
1500596777
1500588691
1500597898
1500586858
1500593136
1500599176
1500573834
1500591152
1500577572
1500584180
1501722910
1500591299
1500585830
1500598631
1500581809
1500594831
1500590903
1500592458
1500572186
1500596357
1500580409
1500581623
1500586089
1500586089
1500592524
1500589809
1500584935
1500592240
1500592506
1508052559
1500574888
1500596087
1500580947
1500590729
1500592353
1500574888
1500583968
1500590148
1500597230
1500586535
1500583221
1500573765
1500574037
1500597941
1500583061
1500572549
1500598419
1500585694
1500586280
1500577506
1500584927
1500592583
1500593310
1500588221
1500588221
1500595950
1500581596
1500595010
1500590300
1500586600
1500591211
1500591233
1500596180
1500581390
1500592844
1500585529
1500572518
1500575211
1500598409
1500576088
1500572193
1500573065
1500593298
1500587066
1500588901
1500595444
1500578599
1500578136
1500581740
1500586515
1500583631
1500578051
1500597491
1500598984
1500573016
1500594311
1500572502
1500588321
1500597394
1500592383
1500593862
1500600683
1500593086
1500597726
1500574979
1500585230
1500590643
1500580699
1500575061
1500596276
1500595201
1500595958
1500584036
1500594080
1500584036
1500577672
1500581361
1500577098
1500590274
1500593192
1500589170
1500590963
1500597518
1500577806
1500584757
1500581654
1500598136
1500584119
1500581443
1500600315
1500574341
1500583505
1500594545
1500574938
1500573900
1500584576
1500588705
1500599794
1500576221
1500575643
1500579136
1500575023
1500597273
1500574372
1500575235
1500596977
1500572738
1500583519
1500582150
1500596977
1500582357
1500590390
1500597262
1500571501
1500571501
1500575878
1500581071
1500572363
1500570952
1500576803
1500588727
1500584554
1500572557
1500571518
1500581358
1500600819
1500579025
1500593851
1500585506
1500598260
1500591155
1500586551
1500587130
1500575357
1500588417
1500599903
1500579387
1500597525
1500571641
1500577627
1500573957
1500577627
1500599133
1500573957
1500581902
1500581902
1500584804
1500573606
1500577917
1500593043
1500593847
1500595765
1500578958
1500594383
1500593443
1500583376
1500577753
1500600412
1500570934
1500570934
1500592517
1500594803
1500595948
1500599180
1500599180
1500593417
1500592459
1500598300
1500578462
1500575034
1500579893
1500589192
1500577904
1500598905
1500598970
1500600167
1500572731
1500596106
1500582141
1500572598
1500594459
1500576072
1500592354
1500571340
1500594391
1500576091
1500584491
1500600223
1500599522
1500578826
1500600488
1500572716
1500583770
1500598123
1500577368
1500575685
1500584355
1500572716
1500574330
1500574330
1500595824
1500589913
1500584039
1500583025
1500583022
1500583022
1500577167
1500587972
1500585064
1500588487
1500592965
1500589787
1500578450
1500574261
1500585788
1500573815
1500579831
1500588701
1500590045
1500582521
1500599925
1500575068
1500585192
1500582623
1500591007
1500599705
1500597996
1500571075
1500587098
1500589228
1500582768
1500583238
1500573691
1500585397
1500593776
1500577687
1500586437
1500571793
1500578250
1500590867
1500574320
1503668723
1500579885
1500588220
1500575951
1500585860
1500584433
1500571356
1500578041
1500578041
1500570942
1500598600
1500596972
1500582756
1500595346
1500572355
1500585802
1500586949
1500581638
1500577339
1500576976
1500574339
1500574339
1500583948
1500585396
1500585907
1500591299
1500595582
1500596506
1500581821
1500596363
1500597715
1500576664
1500785448
1500586853
1500594017
1500599045
1500573693
1500572199
1500575005
1500586299
1500594962
1500591447
1500598673
1500572643
1500588452
1500595003
1500573772
1500572975
1500584562
1500593846
1500596322
1500579812
1500598197
1500582157
1500582157
1500594465
1500586144
1500576404
1500575412
1500574291
1500581528
1500595855
1500579043
1500573571
1500573953
1500576155
1500596680
1500588484
1500595591
1500580480
1500592526
1500574766
1500586718
1500571575
1500593510
1500572852
1500587860
1500590257
1500572427
1500579996
1500575291
1500595829
1500572564
1500571220
1500583197
1500585802
1500577932
1500593679
1500577932
1500599734
1500584484
1500577079
1500597978
1500570990
1500591496
1500598399
1500572193
1500585628
1500585282
1500594795
1500580329
1500586982
1500577334
1500574629
1500593303
1500597087
1500595800
1500588521
1500575887
1500586825
1500589940
1500587623
1500584409
1500584619
1500591621
1500591468
1500575721
1500580254
1500571099
1500594560
1500577392
1500592388
1500600348
1500574780
1500582321
1500579876
1500597449
1500572640
1500588523
1500575239
1500582241
1500593995
1500579439
1500586937
1500585013
1500598124
1500573528
1500577020
1500595156
1500585937
1500579851
1500586155
1500571206
1500582190
1500588842
1500598489
1500593350
1500571633
1501779693
1500595208
1500593862
1500583720
1500590096
1500591647
2003306140
1943767168
1500576898
1951987515
1500598247
1930681286
1500580990
2455918710
1500597902
1500592577
1763671533
1630727168
1852855004
1500598732
1500598889
1500596827
2288736395
1500585027
1553300662
1500591222
1867136152
1534396902
2199156313
1500589766
1500590169
1688984064
1661670635
1750459168
1875325971
1500592165
2279425773
2100794668
2201439050
1500595362
1962467523
1500587830
1582274398
1686631013
1540229040
1500577342
1509168753
1581523206
2156085542
1500595905
1500594459
2195185519
2235477062
1523311722
1664972536
2270893847
1500581718
1856573931
1819152345
1500595083
1500581501
1500586044
1500588362
1584733013
2011557220
1746717932
2229279195
2001334865
1556901591
1847986462
1500599913
2336497869
2277958469
1836738713
2106584390
1627150544
2119399287
1500591853
1500579836
1806020000
1638276735
1887091702
1500583025
1500590798
1500598697
1562018039
1500582833
1709903094
1500572852
1500580682
1540673041
1500595208
1721354350
1500592206
1500596801
1500593910
1500579791
1874833220
1500588213
2154151421
1846056996
2374098787
1500572002
2038695568
1500583315
1959633315
1876380556
2087300053
1500582805
1968595224
2229448538
2312617333
1557549652
2461867079
2031891192
1500577831
1616352161
1500587025
1500578055
1500577462
1500586986
1500571447
1500587847
1500580814
1500578091
1500600420
1500581379
1500589032
1975776482
1785720322
1786295782
1500582608
1500585571
1500581426
2234951441
1500574695
1500572075
1865679342
2371371153
1500672396
2260191012
1960511073
1500571514
2058808992
1500571637
1654772605
2030890394
1500578912
1923674182
2059562488
1500598937
2062597416
1500593435
1500591407
1619444032
1500591033
1905271673
2352714412
2119063481
1574191026
1701789975
1500591856
1500594259
2014801660
1500582132
1500595466
1583538957
2085646072
1574748059
1579682115
1500597587
1500588321
2023330750
1500590760
1500578011
1500598893
1995255501
1500592802
1601275579
2056352964
1905252464
1500588144
1500597885
2016513731
1551186722
2138687611
1500580355
1500592358
1500598646
1519055880
1500571169
2044167442
1500591017
1922459070
2023311526
2081573659
2273949865
1844824477
2204102827
1500596468
1500577701
1500590255
1500579126
2081343170
1500590046
1500600577
2215930433
1548306561
1500585356
2131244737
2356881749
1864287984
2233091952
1631321265
2350657092
1948488995
1874909427
1500586185
1690290033
1894083118
1500575896
2343868969
2376747750
1587925504
1500586596
2354687144
1500590695
2402249189
1539742523
1562088583
1500599797
1845020672
2410509659
1500597436
1500571482
2122638057
1500583270
1501071752
1500578310
2120785648
2019126550
1664284105
1500581186
1844625156
1605770034
1915610034
1500591179
1893545102
1881757332
1778111323
2140718092
1818256023
1500595027
2040083952
1621344711
1500591983
2331665414
1778701637
1500581560
2274527009
2317837314
2299231973
1500582958
2191448173
1622766932
1829151864
1500581796
1500571639
1711915582
1500574077
1847556636
1500571424
2326542916
1801477729
2069466618
1620725473
1808356125
2136181324
1500599772
1500593411
2329002068
1500581702
1826655393
2187218451
1951084495
1504600013
1515826317
1500582117
1500586322
1500581994
1792069822
2206687808
1500592480
1500597776
1500571896
1500578839
2193868721
1500576649
1500580226
1500575745
1760518117
1927811950
1934789255
2103408939
1500588630
2411857559
2442690511
1500588383
1500588491
1500577023
1500577449
1650277384
1790674219
1500578170
1500587207
1593630078
1500591034
1500572728
1629487048
1500577816
2242463467
1500577647
2119913014
1501116367
1500586723
2217777511
1500579256
2247232453
2120424568
1500576286
1954170944
2331820872
2320849408
1500579614
2131175299
1930935621
1500595159
1500573032
2470630776
2331027962
2102927083
1721837016
1500589968
1500589708
2475286923
1500596431
1600143132
2001163577
2278443637
1500580826
1935092427
1500598178
1500590610
1969982720
1500579647
1742699296
1500571533
2281470942
1684277417
1894622394
1500580979
1500594548
1667541156
1500590871
1500589571
1500578682
1500576147
1500575502
1917932560
1500596951
1500588093
1642573217
1651635383
1500591779
1500600399
1981069649
1712624521
1500584212
1500600453
1749697535
1500590059
2039624669
1500581534
2202312062
1500598754
2215528574
1500600813
1657844933
1520168757
1500586382
1500584718
1500594859
1764102498
1512455680
1821851692
1781864691
1500576717
1500574786
1500596073
1830337445
2169604180
2012498844
1792221831
2012162243
2279771451
1877800993
1681089373
1500586103
1500599157
2413603019
2412710026
1500591466
1500597544
1960571648
2189023267
2339085486
2044676424
1500579668
1500596280
1500598532
1935460634
1500598125
2035995248
1863452218
1768879974
1500574818
1773384615
2095251205
2039046159
2198152562
1593680268
1500596695
1500594361
1763652372
1500576085
2436275687
1690935189
1910483815
1784309732
1500599593
2062546767
1714942377
1722472585
1968722862
1500584877
2335063722
1500571231
1807497216
1500577978
1621225724
1500573178
1500591666
1597551200
2019342939
1726148163
1500581483
1500580060
2488177835
1721754580
1944066627
1775424610
1500597339
1500574271
2338621308
1500589147
2003160615
1559624472
1980954070
1893648075
2175744723
1500572471
1500591179
2222434847
1500576614
1500593594
1500593020
1602548194
1857860962
1500592100
1744189280
1500580751
2046567931
2157443430
2203623378
1500571600
1500597115
1500575595
2418717321
1853058354
1500573637
1500579251
1500575503
1774002725
1500598008
1574038051
2105021742
1896437549
1562593254
2465061566
1796342391
2306668971
2035562073
1552857059
1500571652
1500577704
1500587597
1500592394
1500572449
1895932005
1500575502
1500592140
2487516169
1506645071
1500591153
1682271566
1500572519
1719994699
1500597917
1870378007
1577482630
2233048355
1856920167
1840792556
1500582602
2179762146
1530894178
2022262929
1500580788
1748543046
2478553669
1500578114
1691705876
1500598928
1500580698
1500572513
1511993647
1513775503
1500594821
1500595560
1500600297
1684890675
1529398568
2109029364
1695088128
1958100149
1500586321
1500572353
1724304576
1869873852
1783838662
1500595481
1881463501
1500578944
2396601436
1500583644
2370806991
2479572135
1659572715
1612054669
1500587816
2186491715
1500579062
1500596049
1744731876
1500578470
1711492184
1500580680
2363115512
2021907724
1655794492
2362813689
1544927849
2090292222
1500582776
1500597834
1874193162
1970063990
2411159589
1581041468
1500575976
1500592819
1500590368
1617456641
2282951450
2114010557
1979962131
1500598309
1628762869
2386384345
1500571948
1731790497
2017830460
1500576357
2313514511
1965982997
2432928583
2302145873
2072357658
2127275581
1500590071
2010680345
2038657094
1500600742
1942101313
2215658994
1500576472
1569524473
1773412125
1965436431
1500581760
1722244413
2408800971
1582062415
1500592842
1500598952
2487698900
2066243007
1500583015
1953115175
1902872372
2229699702
1500588019
2045928738
1962904205
1747233912
1500596143
1606286672
1903540546
2177641507
2283961289
2274103767
1500574243
2001233241
2400494494
1500586403
2206657948
1500581945
1681032935
1500590671
1500572511
1500587213
1500583317
1500584332
1500600312
1500579043
1803907188
2421057512
1500583030
2124495968
2333973678
1844856055
1500577896
1936033745
1500579714
1500584552
1500596082
2371672549
2396383691
1500576134
2150495038
1500573476
2103571935
1865445304
1500576992
1975731152
2194724479
2023162868
1578450404
2326686891
1989546600
1500593243
2009325536
2128595066
1552768862
2200272204
1500574055
1738127058
1699057153
1500599318
2262165073
1501250822
2315233754
1500581563
1976352509
2229474028
2283166269
1543977125
1500600509
1500587630
2011993781
1500580742
1500581144
2337837457
2337673007
1553650902
1860406140
2157200362
1551888443
1766816248
1939642136
1500590373
1920641204
1808829192
1704754078
1503791190
1560183467
1688961550
1640109326
1500575214
2231458717
1500590527
1500596805
1723215606
2362690138
1814141107
1500576950
1500583778
1500573610
1500572152
1500590673
1717010737
1780612708
2177641507
1576757361
2001947684
1500585569
1500582593
1982020621
1500582210
2071824376
1500579009
2305558500
1500586326
1500587170
1500570911
1500581866
2018982858
1991494995
1500599698
1763623931
1500587578
1500575075
1750778301
2062240554
2057243955
1531692928
1500590155
1500573865
1500576330
1979356102
1946783202
2267240037
1500573051
1500577169
1500595176
2153484175
1500587444
1500599789
2178230992
1883564721
2065875571
1500590497
2107910347
1500578001
1766755606
1663418840
1500597946
1777629617
1500573943
2252883181
1955141757
1817187590
1500575852
2321105551
1500595641
2146933436
1500600224
2334545866
1944827805
1500579934
1500577327
1861368727
1527336018
1500577078
2310369670
1500580030
1600809295
1500590325
1500584088
1786295782
1500575195
1500594056
1500587876
1781698092
2224125486
2264488970
1614329971
2296763856
2151308654
1500581570
2405835501
1500596441
1500578590
1791687833
1903808029
2163689394
1803686757
2015385535
1500596571
1500575987
2049520457
1500574236
2156984872
2146780342
1500596788
1751405650
2002761319
2299650648
1500575344
1500575212
1755335238
1500578706
1969926624
1974066797
2168570169
2010283362
1688922621
2266380537
1852451444
2026380728
2305558500
1739528290
1711022275
1830625243
1557645099
1510209499
1500593113
2171083519
1500598673
1500598619
1500586990
2300159448
2028737148
1787270873
2269109674
2420339493
1789859622
2476928327
1500591494
1999977743
2126372880
2069899675
1500598654
1900002681
1505533067
2259334239
2099890036
1500577850
1500584393
1500570912
1583736175
2023439089
1500575119
1500585209
1500584552
1500573282
1500583695
1500578258
1500586824
2071521830
1865201398
1500580755
1805029685
1500577090
1868089336
1751825283
1500581639
1500579994
1500592723
1500589758
1500575459
1829809315
2209451624
2304373553
1500580333
1989319406
1500581772
1500589803
1877121966
2004225735
1659999571
1500579212
1500580739
1500600105
1500577359
1500599199
1653231244
1507785130
1500584667
1500580400
1599161652
1781418698
2380750641
1500579939
1808899026
2229919898
1732783515
1500583529
1500598223
2108483302
1594930119
2071986909
1828293101
1500596177
2315233754
1500598855
2312804840
1500599304
2082320184
1896568451
2093110089
1500573468
1558642263
2002221748
1500586415
1748638693
1500578203
1500584083
1500571238
2247178118
1819700172
1500588493
1904820738
2363078627
1707703252
2060493710
1829136668
1500579436
1500592521
2077554607
2230398182
1858965331
1500597225
1500581578
1500595347
1548770313
2354211351
2056396047
1500582183
2033176286
2107024312
1500591653
1500576566
2123666902
1500579140
1980799044
1724397206
2066644103
1810588677
1691782795
1909320436
1500596003
1500585666
1500582387
1500582215
1500578049
2447007045
1844102110
2346991776
2315685121
2083166009
1500599545
1935833590
1555366084
2015937063
1500588136
1930964726
2295953677
2334446404
1762345739
2416094217
1575977272
1968580484
1500592506
2148719921
1500595487
1867800322
1605589326
2305716476
1500595334
1790185321
1500591987
1535028881
1658569876
2026028404
1500583282
2338793431
2195282741
1511460338
1553300662
1500596011
1500588799
1500591709
2214948074
1500598699
1500572613
2105808062
1500582807
1500574226
1967661408
