307654827456
308461660886
307676536171
308260965936
308274446043
307687927705
308480710425
308392378083
307988807995
308350105330
307856167309
307625533773
308348798068
308059721490
307885651525
308443337449
308355715839
308212421815
307696180959
307640852028
308274446043
307896119274
308285639708
308284891006
308206309351
308164460630
307625533773
308383666003
308485150503
308481978074
308512495977
308258273003
307785480103
307795454519
308545348402
307762878960
307676536171
307854495441
307629304238
308512739299
307742526163
308538255318
308374618772
307959923100
308290647753
308512495977
308058908110
308193529116
307749256086
307679348980
307960172989
307624324242
309227720769
308076363169
307658387102
307601218586
308354119037
308308464399
307734430110
308496327078
307837517372
307854077813
307860317414
308494885465
308194252667
307857648058
307808035036
307613339528
307819637844
308587872075
308173204484
308074078831
307777817404
308298991282
308476330120
307883577460
308282736883
308424204285
308049339892
308536928981
307819637844
308534037575
308300094720
308355746682
308575902995
308178097372
307891458032
308479238776
308118436388
308260706216
308301393261
307600521996
308389967633
308424204285
308282736883
308560366481
307907091248
307991366166
307907091248
308390434058
307948367264
307621736742
307837683562
308556283284
308247319689
308488735558
308434780204
307646395398
307814038147
308350105330
308453841050
308194252667
308121600388
308441240358
308354709681
308466546948
308217791768
309329084481
308545348402
308809563917
308248420683
308118436388
307893194767
307842419489
307646395398
308103430873
308163062991
308496327078
308419811102
308229195389
308767669129
308007710608
308370507029
308254020648
309327212071
310001869580
307867034132
308003041741
307954806583
308264925642
308514463023
308546997770
308527286316
308279696252
307661123109
308494885465
307854731503
308109550224
308505711159
307649522287
308196937594
308060251462
308217791768
308093138437
308589099751
307641898030
309219733565
308545898676
309219733565
308144296347
308274446043
308553685672
308130649030
307655822056
308292450474
307680702421
308363909522
308770727311
307896861764
307923098391
307837517372
308183933878
308414063399
307893194767
308370507029
308093316491
308030743761
307601218586
307679348980
308664807122
308413620837
308570883336
307718827826
308082138395
307707216323
308160369760
308555659191
308579560733
308432646157
308306912383
308260943085
308588437992
308018687840
308558049752
308214146741
308300094720
308488735558
308532450993
308441240358
307668241730
308432646157
308986787237
307788688275
308109550224
307640852028
308282736883
307707216323
308204099391
308517442029
308527286316
308204099391
307857648058
308279394702
308279719828
307703652757
307909109161
308232248114
308185263897
307788688275
310082681523
307632676123
308149792397
308081915703
307837683562
309439955416
308355715839
309088435125
307892648346
308563552220
308992923580
307604374479
307860317414
307931939843
309616373285
309131762265
308180273515
307790346194
308369322759
308551116019
307914906187
307962189793
307853629079
307701400919
307982934119
307982527311
307949725408
307725708933
308260706216
308572702910
308232248114
308522024542
307838559321
308516433733
307766840582
308383666003
309492383897
308074078831
308049339892
308532678623
308271556562
307641898030
309031042816
307623812629
308301885433
308596223263
308117054149
307769181561
308438797881
307856789990
308248285710
309506393252
308310440092
308342498313
307649522287
308751654872
308905536555
307711708908
308394028605
308509203673
308156819103
307727431503
307818568858
307753924604
307851860924
308200540088
308536928981
308498817050
308423218364
308126152140
308312979095
308109550224
308674579332
307995748652
309616373285
309143749127
307856167309
308778370386
310143601702
307814038147
308081915703
308582669554
308574838034
309089552784
307655822056
308334252935
308596328085
308262939108
308383666003
309439955416
307599179326
307788688275
308069048574
308079741979
307931939843
308167259420
307655822056
