0
18393
0
76655
0
18393
70890
0
43665
18393
50572
0
0
49810
0
70890
38353
90384
0
90384
0
0
38353
50627
38353
56293
0
0
46395
50572
0
0
0
66877
46395
88590
0
0
0
0
0
43665
38353
0
70890
0
0
18393
38353
43665
50572
50572
0
0
0
0
0
0
76655
0
90384
81510
66877
0
70890
0
0
0
0
0
0
0
65140
43665
38353
51959
38353
0
43665
90384
0
43665
0
88590
66877
0
66877
66877
38353
70890
0
0
66877
37944
0
0
38353
66877
99277
99277
65140
90384
38353
38353
0
56293
70890
0
18393
0
93830
18393
0
38353
76655
38353
0
49810
49810
93830
88590
38353
38353
88590
0
66877
0
18393
0
99277
49810
0
37944
38353
66877
49810
0
0
0
38353
70890
0
0
99277
0
0
90384
0
18393
18393
43665
0
50572
0
38353
0
0
50627
90384
50572
0
56293
0
0
0
90384
38353
18393
0
38353
46395
38353
0
65140
65140
0
0
43665
0
0
66877
90384
66877
0
65140
38353
0
0
66877
0
38353
38353
0
66877
0
0
38353
88590
43665
0
0
43665
0
0
0
0
0
0
18393
66877
66877
49810
66877
18393
43665
38353
0
0
0
0
90384
66877
0
0
0
0
50572
18393
0
38353
66877
38353
38353
0
0
43665
