1
33
38353 0
66877 38353
18393 66877
43665 18393
49810 43665
90384 49810
70890 90384
65140 70890
88590 65140
50572 88590
56293 50572
99277 56293
51959 99277
81510 51959
46395 81510
93830 46395
76655 93830
37944 76655
50627 37944
29053 50627
27530 29053
76199 27530
40738 76199
37622 40738
41071 37622
7880 41071
4180 7880
37849 4180
12179 37849
12474 12179
68226 12474
7269 68226
22890 7269
645
1 22890
1 7269
2 99970 58526
0 41071 39469
0 88590 85103
1 68226
2 49810 2
0 85103 86856
2 68226 15
1 12474
2 41071 8
0 81510 11275
2 12474 31845
1 11275
2 46395 12
1 86856
0 43665 5808
0 4180 67922
0 4180 7370
0 38353 92032
2 41071 18
0 51959 76639
0 38353 83131
2 92032 2
1 7370
1 39469
2 49810 1
2 51959 10
2 76199 12
0 88590 36639
0 37849 2096
2 38353 1
2 88590 64505
0 83131 47569
1 2096
0 50627 25821
1 12179
2 50572 5
0 56293 40146
0 81510 94959
2 99962 4798
2 41071 18
2 50627 18
0 50627 53001
2 94959 9
0 83131 88571
1 76639
1 37849
2 99962 68336
1 53001
1 85103
0 51959 2623
2 81510 8
1 25821
2 88571 3
2 51959 7904
0 49810 44864
1 94959
2 18393 2
0 44864 14946
0 83131 28576
2 41071 6
2 46395 14
2 50627 8
1 67922
2 94959 8
2 94959 1
2 37622 9
2 40146 2
1 28576
2 7370 22
2 7370 7550
2 7370 17
1 4180
2 81510 12
2 76655 2
1 40146
2 37944 9
2 47569 3
0 37622 73676
2 40146 10
1 88571
1 47569
1 2623
0 51959 27321
2 2623 5
2 70890 7
0 88590 11189
1 7880
2 2623 48690
0 41071 10904
0 92032 19812
0 49810 31324
2 51959 9
2 43665 3
2 4180 23
2 11189 3
1 36639
0 31324 77438
2 36639 9
0 11189 21825
2 28576 1
0 11189 87900
1 10904
2 14946 4
0 38353 62605
2 44864 5
1 83131
0 41071 57460
2 93830 12
1 14946
0 70890 38087
1 38087
0 27321 1693
2 51959 3
2 1693 5
2 19812 3
2 21825 42129
2 38087 4
0 43665 12835
0 27321 63757
1 21825
1 19812
1 77438
1 73676
1 31324
2 65140 62162
0 11189 58458
1 62605
2 88571 2
1 87900
0 40738 41538
2 99277 18875
0 50572 32960
1 1693
0 38353 57372
0 32960 61788
2 41071 8
0 49810 45857
0 58458 47130
0 50572 73863
2 76655 63533
0 40738 70017
2 73863 5
0 40738 77877
1 45857
0 73863 10978
2 57460 12
2 18393 1
2 57372 2
2 76655 10
0 65140 74568
1 70017
1 41538
2 99959 76909
0 65140 98905
0 56293 57898
2 5808 5
1 12835
2 41538 7
2 57372 2
2 41538 23
1 63757
0 50627 58681
1 47130
1 5808
1 57460
2 19812 3
0 27530 70719
2 57460 19
0 90384 96778
2 58458 3
2 90384 2
2 46395 14
0 49810 87670
2 81510 1
1 70719
1 74568
1 92032
1 87670
1 58458
2 51959 12
2 73676 21
1 96778
1 57898
0 27530 5798
2 93830 12
0 57372 83684
2 11189 4
1 5798
0 83684 84862
2 49810 5
2 76655 13
1 41071
0 65140 85382
0 76199 397
1 98905
1 27321
0 57372 76297
1 10978
2 27530 39615
0 56293 29692
1 73863
0 77877 99724
2 40738 14
0 56293 97376
0 81510 52263
0 18393 50759
0 397 67440
1 99724
2 99277 10
1 29692
2 37622 75632
0 57372 57069
0 70890 63025
2 93830 14
1 57069
0 76655 82443
0 49810 44472
2 50759 2
1 50759
2 57372 1
0 63025 23353
1 58681
1 37622
1 44472
0 93830 31997
1 67440
0 43665 78680
1 11189
0 70890 1654
1 97376
0 88590 66289
2 52263 8
1 23353
1 44864
1 66289
2 73863 3
2 99277 69616
0 40738 40866
1 52263
1 40866
0 78680 59790
2 29053 18
1 1654
2 77877 6
1 61788
1 82443
2 18393 3
2 7880 17
2 59790 5
0 77877 19661
1 397
0 50627 93638
0 57372 84365
0 84862 81753
2 70890 5
2 19661 13
2 76655 5
0 18393 16421
0 50627 77798
1 16421
2 88590 1
1 76297
1 31997
1 84365
0 40738 77537
1 85382
2 56293 5
1 32960
0 56293 13520
0 63025 55726
2 83684 2
1 93638
1 77798
2 43665 3
0 51959 37688
1 77537
1 81753
2 49810 5
1 19661
0 18393 50499
1 55726
1 50499
1 37688
0 93830 31464
1 84862
0 70890 90958
0 66877 64196
1 64196
0 90384 33759
1 31464
2 46395 4
1 59790
1 33759
1 90958
1 78680
2 50627 12
2 99973 65206
2 51959 10
2 49810 53466
1 13520
0 93830 55689
0 57372 97253
2 77877 8
0 93830 41778
0 27530 66784
2 49810 2
2 33759 2
1 66784
1 97253
1 77877
0 66877 35539
1 63025
0 76199 75309
1 83684
2 57372 1
2 37944 1
2 88590 8
0 29053 3677
0 70890 49536
1 57372
1 40738
0 50572 16064
2 40738 9
0 76655 99991
2 46395 10
2 55689 12
1 16064
2 27530 5
2 37944 9
2 65140 7
0 35539 94809
2 66877 1
2 46395 6
0 51959 54111
2 66784 2
0 76199 94210
1 55689
0 66877 11996
0 3677 28161
0 99277 94438
2 90384 4
0 94210 6008
2 50572 13354
0 75309 94362
1 11996
1 54111
0 46395 32902
2 49810 2
1 94438
0 70890 30176
0 56293 6974
1 30176
2 94438 55015
1 99991
2 76655 5
1 6008
0 56293 84115
0 90384 73634
0 75309 20726
0 66877 78920
2 6974 7
1 73634
1 94210
0 3677 29037
1 28161
1 41778
2 32902 85744
1 29037
0 88590 9485
2 27530 3
2 76655 16
0 29053 44464
1 20726
2 43665 2
2 76655 12
2 29037 12
1 94809
2 31464 4
0 76199 58032
0 6974 64649
1 64649
2 94809 2
0 70890 71818
1 32902
2 35539 2
2 50572 3
1 49536
1 6974
2 38353 1
2 55689 11
1 84115
1 35539
2 50627 7
0 78920 85972
0 56293 6052
2 84115 10
2 84115 4
1 44464
1 3677
2 37944 12
1 85972
1 71818
2 13520 95522
0 46395 86425
0 38353 16916
0 99277 97248
1 58032
2 56293 8
1 9485
2 97248 10
2 65140 4
2 71818 2
1 6052
2 86425 6
0 50627 9769
0 27530 38323
2 38353 13354
2 66877 1
0 93830 24588
2 24588 7201
2 58032 7
2 38323 3
1 24588
1 78920
2 46395 9
1 97248
1 86425
0 50572 16001
0 46395 12992
2 99277 2
1 12992
2 99277 7380
0 29053 67781
2 27530 10
0 9769 16096
1 16916
2 16001 6665
2 12992 1
1 16096
2 86425 39311
0 75309 57219
1 94362
2 70890 1
1 67781
2 65140 7
1 57219
2 65140 5
2 99975 55854
0 38323 72310
0 49810 76274
1 72310
1 16001
1 75309
2 66877 1
2 93830 1
0 56293 48370
1 76199
1 9769
0 37944 97671
2 99277 11
1 97671
2 99277 33931
1 48370
2 93830 8
0 37944 92900
2 27530 13
0 92900 75557
2 97671 6
1 75557
2 48370 6
1 38323
0 27530 39800
2 93830 12
0 49810 26447
0 56293 17659
1 92900
2 75557 15
0 39800 2380
0 81510 28992
0 18393 48417
2 72310 14
1 28992
0 66877 52247
2 51959 11
1 2380
2 29053 14
2 76274 4
0 81510 29059
2 2380 4
0 88590 41963
1 39800
2 29059 7
1 17659
2 26447 5
2 38353 1
1 29059
1 26447
0 88590 35301
1 41963
2 70890 7
2 49810 3
2 75557 10
0 29053 99221
0 50627 54886
1 99221
2 90384 5
2 76655 16
1 54886
1 52247
1 35301
1 48417
1 76274
1 27530
0 18393 11200
2 27530 11
0 18393 48993
1 48993
0 88590 50349
1 50349
1 11200
0 49810 91757
1 91757
2 50627 17
0 90384 71455
2 43665 4
2 91757 4
1 71455
0 50627 18209
0 38353 21680
2 99277 11
1 21680
0 93830 86275
1 29053
1 18209
1 86275
0 50627 32032
2 50572 1
1 32032
1 50627
1 37944
0 76655 50003
0 81510 69319
1 69319
1 50003
0 51959 24210
2 93830 12
2 49810 78051
2 76655 12608
2 65140 4
2 50003 10
1 24210
0 50572 59435
2 93830 5766
2 24210 12
0 65140 38409
0 70890 76232
2 56293 43815
1 38409
1 59435
0 76232 26508
1 26508
0 70890 7797
1 76232
1 76655
0 7797 78158
0 38353 58940
2 81510 77772
1 58940
2 7797 8
0 7797 22361
1 93830
2 88590 6
1 46395
1 78158
2 49810 3
2 50572 8
2 88590 4
1 81510
2 90384 4
0 22361 90183
0 70890 59977
1 59977
2 43665 1
1 51959
1 90183
1 22361
2 49810 1
1 99277
1 56293
0 49810 72992
1 7797
2 65140 7
2 65140 8
0 38353 55074
0 88590 59174
2 18393 3
1 55074
2 66877 2
2 43665 4
1 72992
2 59174 4
1 59174
2 18393 1
0 50572 39740
2 59174 5
1 39740
0 66877 73933
2 39740 4
0 50572 71452
1 73933
0 50572 46999
0 18393 51163
2 55074 2
1 51163
2 73933 3
2 71452 1
2 46999 8
1 46999
0 38353 18357
0 66877 7855
2 51163 3
2 18393 2
1 71452
1 50572
0 43665 49773
0 49810 17870
2 18393 1
2 18357 1
2 66877 1
1 7855
0 49773 57401
2 18357 2
0 88590 26258
2 22361 8
0 57401 67481
0 18393 73785
0 57401 37660
0 88590 49694
1 73785
1 26258
0 18393 73800
2 67481 3
0 37660 54329
