200 10
165 141 102 118 145 167 61 159 28 39
194 48 4
17 127 9
115 79 1
197 182 9
4 29 9
158 43 4
13 165 6
36 8 6
200 86 3
65 37 9
190 58 3
137 53 4
68 116 8
199 151 8
181 155 7
177 67 3
36 23 8
200 70 4
91 22 3
188 59 6
45 1 8
34 92 10
113 145 2
43 106 5
118 7 6
27 193 9
77 88 4
38 72 6
117 63 2
89 59 6
168 18 1
3 153 9
14 152 10
23 142 10
75 125 7
112 134 6
99 141 6
77 109 1
150 138 3
165 69 10
51 168 3
64 28 7
153 143 6
97 127 9
52 89 8
137 49 7
149 112 3
90 93 10
44 16 1
41 135 8
157 65 6
73 88 5
135 143 1
14 129 9
24 63 5
54 30 5
78 5 9
163 9 3
140 54 7
56 184 3
193 81 8
173 94 5
55 40 7
136 83 5
178 19 5
195 189 6
16 107 7
34 25 4
25 128 8
139 82 3
58 179 1
62 87 10
66 166 2
159 190 5
3 161 6
148 156 3
145 95 1
81 167 4
163 100 2
111 31 6
126 154 5
125 180 1
11 157 4
85 24 10
123 66 5
75 38 4
121 107 3
126 198 6
152 76 9
191 180 2
124 31 2
1 46 9
178 2 4
46 85 10
62 194 6
167 56 5
52 174 7
80 37 3
71 102 1
187 161 4
169 108 8
191 174 4
13 159 2
105 111 5
103 176 2
103 72 7
92 33 4
64 141 8
175 198 1
68 50 5
154 184 4
138 185 8
106 60 10
17 104 4
21 128 3
48 144 10
195 185 6
69 136 1
57 162 4
41 166 10
156 142 6
187 82 4
79 181 3
6 186 8
15 115 8
15 146 1
6 71 7
183 70 6
22 119 9
133 35 10
99 122 8
61 132 1
84 98 2
170 76 4
182 113 8
57 47 3
55 176 2
98 95 4
120 12 9
196 171 9
26 96 9
189 2 9
136 105 10
133 134 4
11 42 5
172 114 8
164 91 4
50 183 7
118 119 3
192 49 3
18 60 6
170 120 5
151 147 5
179 122 2
162 7 4
160 74 9
149 51 4
53 28 10
94 131 5
39 131 2
19 21 1
96 140 4
61 124 1
101 108 1
171 10 3
26 114 5
42 87 10
29 150 6
10 173 8
8 130 7
93 199 1
100 30 5
9 160 8
90 129 9
192 155 1
110 172 4
32 40 3
39 44 5
121 109 9
169 146 8
45 102 9
12 175 10
188 73 2
80 86 5
5 158 6
84 78 2
117 20 10
197 44 1
164 144 3
33 32 10
20 132 1
35 27 8
97 123 9
101 116 8
47 110 10
4 130 10
67 83 9
104 186 9
147 74 6
