100 10
0 0 0 0 0 2 0 0 3 0 0 0 1 2 3 0 0 0 4 0 4 0 0 0 0 0 3 2 0 0 0 0 4 2 0 0 0 0 0 4 0 0 2 4 3 4 3 0 0 0 1 3 0 4 2 0 2 0 0 2 1 4 0 0 1 1 3 0 0 2 0 0 2 2 0 0 0 0 2 0 2 0 0 0 0 0 0 0 4 0 0 0 3 0 0 0 0 0 0 1
18 12 43 65 90 59 70 83 11 15 80 35 88 6 1 81 38 73 29
22 80 21 58 12 6 20 32 90 97 60 86 8 54 50 13 71 84 75 85 64 61 24
7 66 24 38 4 97 18 78
0
15 87 39 96 7 22 37 3 81 63 35 23 64 99 94 47
24 30 62 85 54 19 51 77 9 6 73 26 83 1 16 70 91 63 28 13 100 93 44 79 96
6 29 41 54 53 70 15
12 23 34 88 52 42 93 24 19 27 76 87 48
16 1 75 79 100 57 23 25 54 20 7 82 12 35 81 78 72
5 11 7 4 55 82
24 81 10 13 29 28 55 6 11 80 89 63 33 60 21 67 71 32 1 51 9 24 58 72 34
15 27 88 50 1 20 59 13 100 86 26 55 43 90 17 74
4 79 59 89 99
24 59 82 77 61 91 100 19 14 85 86 40 24 35 93 43 45 5 30 49 23 65 98 52 44
7 40 94 32 98 76 60 59
17 59 29 31 95 14 22 18 1 12 45 71 6 75 52 54 50 27
18 99 78 14 6 70 59 89 19 34 48 29 3 58 57 85 52 23 7
20 23 20 85 67 42 90 93 94 44 43 72 14 41 49 27 47 70 87 89 71
9 17 25 92 74 10 96 48 68 16
19 39 100 88 81 42 26 85 75 97 98 15 76 13 67 60 55 82 34 23
