41
34760620008
14674833669
19526666786
35740230696
37650115687
22285798693
532250705
4992311923
15545505862
15903352455
15685531846
34500896503
14809540787
23933568149
7131414174
4464803359
29904459179
24550945091
31615458990
17123780712
14610176482
40386670964
21657247584
14911490482
18638705806
1689654229
31668783620
32511508340
3619567340
13281848483
8815150368
9447276720
26200673560
31529410187
35285785739
2549369836
14847834396
21494073208
16096087472
18956637780
24691123279
29236786567
22699152360
37461673366
33193380016
26349962015
34728475608
22200347226
574254028
34106555638
41587594765
5158646756
35122397550
5413882608
15554061006
15232013328
40937415454
4962251184
33207059994
12125733054
6995402055
16323712270
7462419537
31256179161
16137248391
12301347524
2496701541
12975079091
12948555087
1498109004
33745864690
16840291343
20556487851
15542720155
30244458296
19023743581
14538089114
28620788900
32350730651
24241836468
1776756263
39372774245
19539755548
39499851833
27322951643
2799292717
33342298456
37072047930
6010240066
11286165440
31843878233
38077667740
19203111809
4790897408
4628179857
1679775119
12705776022
18533264730
41581340757
31944474233
8254047295
36803406984
25926047180
17035107557
20262940479
8559372527
32549672228
27210147158
36063548750
26178880505
39368888151
1525746208
33898212329
31651114680
35558502414
39725482253
38433689192
16132198646
7670408078
6375045046
21914183451
31260054918
1835006623
33422501218
4244274426
28345211153
6283078746
20301433232
13904988373
41028573500
7413810162
33732948059
16855826302
38331838254
13419287430
38316878321
20450073419
33330127763
4060922069
32161609858
21822112227
38315895733
3909575785
15617131610
26031128458
16672343552
3830789881
19157840921
20018004463
15539518463
36140199310
41814292362
32051720946
34132630798
27902635696
3339088904
2316202594
5436082828
14887488282
280591146
3379004324
17929222109
919665084
19459830874
8401441889
28943373466
34098636767
12129756359
30100781955
17613431710
4177929670
3131918367
24773645808
4987820204
17833783247
34212014672
32899924289
4586014554
2893918168
26730632065
17659689722
17884352082
3728036755
26752142027
19995291072
17511266838
21370444943
38822519974
22110495603
12065661280
6022056590
13244770806
24829298298
34753674890
19592127358
19823921356
15119812701
19497392283
33429743321
34505689207
18424582334
25574451737
37466608098
11340547213
658195466
40369957104
39974353129
30514196403
7492601748
37416482540
22356513351
12141296737
9318739200
1746102062
13219715035
27343788024
28025084918
6938792777
13118465469
14925007807
6201028596
26211705490
23182949075
23672400738
1048021716
14925060308
31371459658
19316740758
8441035760
39748492764
33212655704
33190357613
3201675319
383069635
3563692055
836359561
718632796
19853763879
9948397517
9388806873
7499524483
6435748697
8714067305
34530588353
18609313150
4672740601
5130494580
22358149069
478903609
14162099685
6267725306
19106080342
34907846057
3164399852
5112837313
28396563033
40109196227
27647648655
30726435208
3315276748
2762821862
467799780
24235814932
40318041271
20995450467
3436114876
12430851960
34494207994
27578973221
20911264114
26544706382
27870228320
2003762586
19387156361
18723064875
39150257983
20368711304
25895733004
19843918273
13848513908
23854705172
32046938908
25551210842
29100367446
28530520110
28177446137
23647690736
41107794694
14197650499
39040685324
14824342290
37704801192
16470319736
41014197449
23824088010
648207745
4010026928
41037634292
4451889569
37833267595
10397235398
7092605128
28003020566
12934348164
4003949869
34320905203
4721121419
40477897234
37791884295
1711088777
34558062865
27791346140
29660929314
27366319754
5901332584
3305969669
3839138461
4880841529
21809308829
17500429577
13555373651
29403560952
4176016
6632728482
18007799501
18789003528
14527488303
16198566504
5896966009
39307179979
2780052900
37453964418
5291648106
39436974563
39667260344
797006609
35078567410
4248320224
32562722958
27208821507
18667911350
34435934267
38575351949
889108314
17885486674
1079609664
17562520122
4291426439
40431368540
39443568433
1105928702
15266237486
29249845711
21350556683
30811512182
10267222558
35200327578
23215017864
1788752730
3663819264
40932159528
25675733822
38965152237
32731861035
24174386542
21913085998
23827666420
2411488338
3219913729
28141098127
22959740602
22927228538
35191669194
7947487320
27174213147
2603959622
273204742
37486104540
21799487711
22214597703
28374503258
41274524824
10985101722
25677903287
31620632435
1006289753
34800231898
28955919419
38365694496
38393976128
26080426635
40207882703
38874460701
35067209125
37297305650
35099347370
25287116849
2219720358
27238187424
41382787572
3820918201
35297754936
948104636
17646895501
27835457354
11454283512
36214818886
12522364703
22209898481
7001681229
41786677506
17011633868
26394926331
27169070863
5106170781
22609706014
25724122063
9570039767
16303069552
3378953959
8460582183
1094742260
1062530729
240969446
8954879795
11855433186
18939510318
2166885618
15901738940
31781085081
37917628180
36901630649
28819580772
40384066742
8694515546
15764684662
28340130462
6761659628
28105952986
37403113428
30180582722
19596440301
8558570816
2998516660
11031141558
39796698755
10871500119
1667871013
35825738583
41795107942
39111051918
40701526610
8131222336
27832832538
635790620
6181609810
5910331423
40699129277
4035550540
1597105422
3215670776
13471643917
17622413032
13510957401
15234481499
23484074372
14901964515
35683201289
38790106262
27009090428
12225858200
19835799508
33637215978
32414025486
18317988727
1629017034
40324423255
4864774848
34738775722
8659879817
32973407741
25753229736
4942597074
6149735837
4175507948
2843021704
3824393650
30150014106
35400396136
5015887914
25472228608
7992498095
4805226500
37786927441
6528329672
37704011798
6588458633
4415129742
22938678575
7108528629
32797435182
8318884810
23420237970
3562029023
9441074774
26818734752
28156885759
28619485731
377702919
24576157855
13895860549
7915369678
2807450928
4999165163
5876172778
2505251057
4030675722
38790635082
31439820089
6846828190
24587776736
8142092104
12339041388
9622007131
22882720011
9145189904
21314092589
1041289700
32145269052
20683905344
23414372549
22512413439
28352766485
11514803830
37450284564
15797177168
31323219969
10077273185
5724155336
30318945701
29575440926
26245876383
8075067251
16988331930
89488716
13504383517
37906355246
24549430146
22383436389
13101367686
27431221059
23729932200
36231036525
31669433441
17193186303
17896461853
19110314727
32555947560
13384468808
27319255527
28056409576
22347758519
31184665461
36133582544
31226190652
13896012980
39540487766
612794440
11181847526
17997948226
2552095219
604575700
38477463897
8680448726
1139130046
34041824449
35035615138
20310241586
29873684428
29368970305
16931532111
22819076573
23474441374
4757345418
21915374990
6641483014
35198239860
21888103230
39602028464
1568244883
40269583950
3234474207
25524147289
28690361070
35759934749
10449256095
18451737180
35573706960
32838044681
18218373851
22618990878
583396750
4511470595
23126408451
39177951237
33952285360
19305725322
24501204116
38769964371
15912756045
26394988272
28813990667
2815765081
19434851208
13078526986
21988245368
28853500021
2825433994
36221054131
26903595708
12484653084
5510856908
2476081227
31693396345
24784832682
25268066962
37738552064
32697253554
2845103141
10336409029
17503740937
21985408016
26720444424
34856777784
23200375840
28513104889
38930593657
33186595581
127660592
23476840118
38537639190
18446073910
14571223412
5126938258
37630460388
23814834412
620041874
31037354753
2305505032
29325856920
12794851216
20069718647
1168655946
16182364571
4349763042
8591319265
30224565735
8696372611
35427656486
34053372146
39395021352
29576236488
18243661318
40697296775
34740113129
10774858019
14587372626
12378221047
12986057180
2562180925
25930109973
33994046174
25764735015
176841461
28458193165
38310305331
15487864097
7366971345
23491483162
38878179393
25154936041
26715754108
3202803985
38608168276
24168083755
38565050530
705586514
14714513646
40986168001
13848819880
4654621001
14057662828
36164592144
34854863684
1779627892
23511740774
10824331644
29013499146
21529234883
34143163234
27380251694
16437235110
29260414753
22942896172
39471045162
7717673749
26075492715
15844204259
38880207193
34034059790
41468847749
24884142150
32602569170
21180965020
27192021006
11011929929
25526272754
40924812458
34218949631
20753469933
26886991272
41769333043
37400628494
26386737490
23339094992
4197725403
12081763583
6880763466
9346380234
12099874190
39419606972
23198904328
20189604186
14936915769
40427983257
20611003474
32469016263
14003724154
426421289
10815985139
30953891001
6035844553
2672245664
21091509711
36240412434
28934194208
37112606068
21376196807
23072985299
41874665855
4265485474
3838582898
41798358162
26554037453
736158341
23405162197
24131240823
8326921256
20401837124
41128325555
14932778735
40893173032
17106359836
5226299301
15342451736
20408596430
14053013835
1581309566
36378912470
38548723570
23406083397
38695240026
11134803402
40748354629
35941497420
17257589522
37428073784
40847571440
21535736584
20345133549
23567017766
3295984425
811150818
10677925730
11802033220
34551849234
36446932944
30300832488
25025554409
15040835751
38275569393
33388490127
29283579635
36700024145
7433999734
23277426171
5713709423
27941003026
176635451
4345676190
25982088036
34558497790
34447345748
10519653585
8248346650
15805070346
28495092898
5840915678
4358121455
25913329167
33769635048
27208042161
35336110428
18425608562
37974522161
5849003317
3330191957
23099524763
12653995864
35757855623
5987779638
10170156762
23253091671
5261997496
8979972497
10503390138
4414296167
27179946864
15612138898
789213708
6029931545
31620874986
22612703343
1244442896
12485661539
18317316383
19660768924
40796940644
8374794693
22589008334
5138282894
1324230841
29558819159
25158978164
14323722833
40453752722
25173851764
31823543579
18631948691
14330717549
37667998863
29829742026
3128246893
1387875325
28332858749
479247119
413710442
33274518474
7126920610
25904699642
31923504893
32758038629
7227236562
35799712023
24352401308
3908118047
13598726936
6378746042
19961782134
12407185207
1733876912
22597895625
22580544665
20854712663
5755106647
37048281604
4056621942
5443905421
30772261883
3771987650
14266422269
9924130306
32720136656
7957270128
19651375037
3725860726
16292312981
15265002648
11270244800
34962737069
4569757821
19387402550
38356593404
38806068374
8358491004
17564299021
29817932662
3631990010
40917066280
29524619655
7834909177
18466117847
371600992
23356952050
15379163216
2487644907
4506078349
11114437435
9830824951
17269516217
19148164044
29762705656
16960427102
8508448433
819564979
16557877041
36958966672
31875848333
35016933336
2253905302
41424851190
16662876534
27209363485
16182672817
23530570511
18500869159
1547783408
37543954460
14713241495
27631540849
8992232280
41712451450
2024909458
2000209410
22513370289
36024870445
15470383020
37458634567
18292018867
10313935126
34955921218
14234943982
8699664991
2812041118
3422679158
28799526526
17956960300
33542771681
39024358448
3078321864
4611916926
37106156092
34425129252
32656281836
19608857683
10269343456
28847433971
15490945587
1878152973
31666665612
3728854992
21492338937
22950016897
14725742466
995105611
15928596333
40312254903
12642530577
31637601394
34041560950
4137602480
17720249903
22836239700
23456500110
4721086339
33076612537
26430865944
34144857834
24149577546
16855143431
19640317644
2251651405
33138776940
2792707967
17835186539
28852437629
22425578783
34349676260
23451006419
23036198579
387565274
29010446876
34652033215
3855088926
8015563568
16086566616
40295298364
15761341161
40693195409
