81
356
2907 266 740 366
534
4219 312 747 422
129
2408 23 586 766
462
4822 219 448 759
255
2534 256 546 552
569
1177 306 513 635
825
4692 49 799 516
1
1418 61 435 795
856
3088 315 215 529
598
3732 103 273 531
34
3841 176 563 204
738
4471 257 397 618
928
2366 336 228 514
737
2329 292 470 674
163
3512 158 230 638
580
3495 195 673 652
933
4669 344 466 436
459
4850 12 220 646
307
1077 56 156 15
193
1960 270 474 155
316
2368 337 660 288
916
3549 229 358 435
990
1371 150 543 8
526
3426 266 185 51
494
1740 88 265 73
75
4926 279 693 429
667
1013 82 310 577
845
4637 282 296 198
999
3646 48 502 485
737
1493 300 81 33
14
3025 76 561 440
249
1463 300 513 556
643
4363 124 255 369
240
4292 221 681 448
373
1482 95 797 228
15
4921 338 588 735
255
3599 25 138 484
932
2487 243 458 28
599
3277 334 358 628
435
4561 127 193 496
694
2703 133 472 588
851
1334 76 730 208
856
3842 80 519 205
49
2939 81 743 344
65
2560 25 435 797
856
4433 325 197 120
981
1693 164 299 651
791
1748 15 663 289
250
4670 97 577 449
926
1102 266 559 642
976
2729 310 177 402
419
1668 316 633 181
25
4529 308 123 53
695
3333 205 505 261
389
3965 285 564 468
413
1223 293 138 668
241
1123 55 532 588
144
2486 217 329 78
105
4289 14 147 31
925
4190 250 733 289
668
3309 287 182 377
121
4936 320 468 761
193
2061 305 388 688
903
3734 35 641 468
108
2438 76 145 677
274
1487 30 431 14
91
3897 166 437 87
8
2908 154 576 190
181
3005 29 150 492
134
4251 231 776 647
431
1620 78 293 276
238
3256 241 652 158
214
1314 167 87 582
704
1547 79 414 188
287
2195 264 634 258
868
2789 233 112 547
261
3654 63 569 604
6
2231 343 652 797
149
1344 321 481 129
649
4903 155 357 496
893
4650 164 500 568
