100
4
1001
1100
4
0111
0010
4
1000
0011
4
0110
0111
4
0100
0000
4
1001
1000
4
1000
1101
4
1001
1101
4
1100
0110
4
1101
0011
4
1110
0011
4
0111
1001
4
0010
0111
4
1011
0011
4
0110
1110
4
1110
0111
4
1100
0100
4
1011
0001
4
1100
1101
4
1101
0110
4
1111
1100
4
0101
1011
4
1001
0001
4
1010
1111
4
1011
0010
4
1101
0011
4
0110
1010
4
1010
1101
4
1100
1011
4
1001
0101
4
0011
1101
4
0111
0100
4
0000
0101
4
0000
0111
4
0000
0001
4
0110
1011
4
0100
1001
4
0100
0110
4
0111
1011
4
1001
0011
4
1011
1111
4
0010
0100
4
0010
0000
4
0110
0000
4
1101
0010
4
0000
1110
4
0100
1101
4
1000
0100
4
0110
0100
4
1000
1011
4
1000
1101
4
1111
0101
4
0000
0101
4
1001
0100
4
1001
0100
4
1011
1001
4
0011
0000
4
0111
1010
4
1001
1010
4
1001
0000
4
0100
0101
4
1001
0011
4
1100
1111
4
1110
0110
4
1111
0010
4
0110
0111
4
1011
0011
4
0111
0110
4
1100
1111
4
1110
1001
4
1000
1111
4
1001
1111
4
1000
1011
4
1000
0111
4
1011
0011
4
0110
0100
4
0100
0110
4
1011
0000
4
0010
1111
4
0101
1110
4
0100
1110
4
0001
1001
4
0011
1100
4
1101
1001
4
0100
0111
4
1100
0010
4
0111
0011
4
0010
1010
4
0010
1111
4
0010
0010
4
1001
0111
4
1010
1111
4
0100
0100
4
0010
0011
4
1111
1100
4
0000
1011
4
0001
1100
4
1111
1010
4
0110
1001
4
1011
0101
