90 54
29 49
64 23
50 88
78 85
68 84
54 22
77 78
70 41
16 87
49 32
42 28
8 50
66 82
21 36
67 21
74 81
55 29
33 27
80 65
44 58
61 73
75 51
70 2
49 90
45 70
84 18
32 22
80 25
6 43
20 83
88 26
44 7
76 18
72 13
41 89
77 37
17 30
79 26
32 61
5 88
62 84
31 55
37 57
40 55
15 40
21 76
57 13
7 75
67 27
30 71
87 30
2 39
55 3
27 64
38 47
16 60
35 40
14 11
51 48
79 19
79 53
9 57
5 77
59 17
63 79
1 76
42 18
12 58
65 56
86 52
45 80
39 74
75 87
60 38
20 90
46 43
37 82
84 79
86 31
56 28
57 16
4 83
11 39
14 31
69 40
63 34
43 5
14 10
24 12
